$ANSIBLE_VAULT;1.1;AES256
37646630346263303361313030366161613834306335653661373936356330613963396364373262
6461623261643038646364336564396339326433656434360a323434653062343765333837366136
62326565383036313066303533393363623036356164646235353164336434666364326366636637
3035396433663966340a373033383562393164383862346230616337313536313532643334323961
32636136343531316231663438333030666261613730346534363936616234336236643030396231
36663635643132366566356566363136643564633463623231643634323963653432313639646434
37613963613933353761353334633532323461303339643735666336626333366134393636653366
30366365623066616439376638336561323064663264313931393366353631613935653963386261
33393038373764386162396561383531326662303439316164346263336264343831373138326436
37376532346232306462386236383766373432393438326261303365613132323930313463366536
37633139633531313931396364643835616133623531383630386339326333666465383531633233
39323534316462343763316364373861383963633439393630353030643135613738313465666161
38643462633334623564366263626534313432656130313733353563616165356537373465306339
38636262376134643965363866613335313639383966363665646464343263316633616636383265
63663434363434336339306366386238356364313965656431613562323461663466376436303232
61633139306537636463316438613638323832656432393465653665383639643632326336343232
65623766343764333230396434363233623530613839363434316463663636333835666665303233
38313734613431646337643164386264623635663736316464653733623566626139656537646233
61336262663630366564646231346138303137356332626662353137343764633063616431623938
64343039343865643231396365376231326239356263306662636263663136636631373430333730
30353562373533636535636134306363653933663232336436316134613666313530653032653236
30366562343037663134323066633137373830663032376165666663323130616462363131313634
36353532376137343465613965623362316265613465646330643434316633323836373761646636
35393965656534376234
