$ANSIBLE_VAULT;1.1;AES256
61396561333337613138646531653665616562343933636232343862303633303661316332393035
3834306232356363633666383866323936643634653261650a633239633232633663633636663035
35363039383739303333353433343830363935376136393032353937616364346230376165336532
6461636631363466350a373437666561366336353336636465373536396166633239666535633937
61316537346439303263313136396138656265373065663835653063343034666634633265373263
63643831383364306164653266626630336430303631306537326133636465373239393063653135
31303639653031313539386564336638313338666265656238336330343535326566656635396466
39306134356536336630303734313663366635346130323034376662396138346436353937326634
39303438363030373262326664363563643466396163356630356265666130393638616461643838
35336365613237393136636230623864353061393364373830623831386466386533333866393835
35383537613133373363643734363138373032343561373362383233306565326637626162306364
34393461346530366134623235666565326238616637306266393134316132616662366363323231
65383930613032326538613730333362636637343433313333396134363464353636373336643034
61633564396564396338386539386235626530346639353735623734623862303662343665373234
32656163363633393061393532636464346234336666373635353234376266393436323530626366
64646664646165306132653263663738316462326361653164336365656263393761333531353062
66643534613539323861333864323533303133616339393464346666323734636333643439353963
61646264653264333830313963326461303536633362306662316665303230616536626462666437
64623063343230353362396533376264636135623865353139656139613734386432323061323965
64616139313730313138376232343564663534313339356466306239393738343265306437323337
61373538663537656139366330326539343930633364393831346234646139393733613064323739
64303439316132633539626132366435393438353764363939613537623334383336323766356238
653266313432306464393463393332363266
