$ANSIBLE_VAULT;1.1;AES256
61373664626636336338303166303832626632356161313231313933356635616461663936316535
3835623530646439333533333365663534383938633531640a633062663531323932646231383936
34333237633763336563376562316666306534343339393739306333333033396237333632306562
3330626461346439340a363765313463646438343135343836316437363634646539643264336662
61323965633139316637373832336363353063376431376534373362663234386633343234663462
35393634316436376266373861666365333234636366633334353965393632613638306464653833
36653366346237643834313639326233666234663263386231633934623538363630316362633035
65643864383438393262613933383562616638666265643738353066323161376264356230643063
63653863363837306165336566333765633831653436393632376263393732303865653765396131
34336239373432366236326532633039666261636231663065633134356635623062323539376438
65643939316335643861666463383464373732623261363033323735346237666137323438326531
63666132313934306666373437366565393065383536313931363439353331613937386465326134
30633930616530653934376339333165613630393933393665643631373230343438613033386136
6163316432366330663936653361616234356533643731666138
