$ANSIBLE_VAULT;1.1;AES256
64656363393736623032333336323962346439383833366630616565366632316563356638313934
3165376561643734623335323735333533666138336435310a623961616637373533653863303938
36353462336563363038313539326564353461396362643630303334353964313363653838626264
3262363866316338390a366631336637346264313262643565613963323135366232313935613761
36643062633966373435633239306535326534393230316463666536636564336430383132373433
33353565653334613034303732613965343764633861333066386639313839373865663634313763
35633762306135653838383235623263336463393137343633303966666635643035646232643438
37316538383933326333376663663539656536323162646139323432616632393565643034653039
66393563333137323135613537303636393761396565343839646432303331646132396261666333
32323162653837306336343435343966366436343234633835343664643862633631353666313965
62346131653731633061646233666663386537656432636364366536393066353137643934636438
37306663393562333733336237306230663831336434626430396135623231323261613461366535
36616139326266303639323964356431656163393563353836343561386534306630346163373839
3539366562393234373734363461373334633231613031336636
