$ANSIBLE_VAULT;1.1;AES256
35376135396461336237333931663135323362383231376636656531353930323332623761353530
6638363738633461666238393566376136633536316562340a316638303634346533323637346264
33646239343836346134376334386338633630356135366438643535643064363039356663306464
3236313234616265330a346530373862646536333039316461376566353664383439623435363164
65616562396136633633366263373331393731653266363661633536326663343338373436613435
66393465616131636532663633396230663664353630626538643762656237306662346332626263
37633832313235393862623566623037306230363563623335343465313365396434623365383764
35336534373731373330636439306239643736393638343862323165336436663734633339636230
38326335343238313434613538336335643434323961383261313435626661626664363266626265
31376466623161326166363363373235616239346434613832366430316363633338313730643435
32656363623231623336616261333830306461653962323137656234323634303735613632626161
38343064396232653764336139386363633765643765393930333630663838383765363231323532
64343536356163363939333230346235656632663666633233326563623539346637623563623439
65633966313861373331316464313061303833623534396230326533363738306362343862306664
38626432313530313061626564633236303165636335333461636465343734613332336537336237
30303166313164336161356637616239656562336564366362336138653730386561376435313433
37616464636531373132356131373330653035646433346661376332613962616261393565333237
38333961313136326139396134393131393037373964656363323766666466666136313266643664
65633063623337303431656539666339396633623262306137356432373063666263346633343364
36366539303164643265353033636535303538376532636634636135346263633330383838386662
36663165663864356662643765646132336530323536636365626134373337326437636663663338
31366663643163363666353730313537343637393363653734306262323435333632343631373631
32316538346633333939663134653935303964666430346465343236333831303664393837613538
65643139326432363262653137323737323130336236396161393766363162393734393164386466
61316235623363666437366534663634323063323237656663336234616537316465636437386430
38623338316132373730613762303439376633383837343836643162633466353334336137386336
31343034643233323062623563386532323832643066626538306666643939356539666665663430
65653536363363643661333031326633643232626132376235643363393965376534353934646566
61396462383933313137623630343734666664356161663537636134393136393364353764663735
63633935376134366237306439396335616466316335653661323031343764363761616234323934
30376238626130313937373338323162666532643032323833303461663564316338666230393530
38303465653734613165306637633133323938363534353163353839303439346662613634303664
37613534303432623337396539353632323634333534653663383564316637636233653961306535
34613339633436326234316137613037363639656561626663333837323337653062666633643733
35663236326465316235303365393665303962333061343063373130613563366561303638303231
63653634633035326661386335336263393761383037636131376238666236323531313336363661
30323638303263666436363162613339663262613138646633376265633064386265
