$ANSIBLE_VAULT;1.1;AES256
66643838626631343661626537633830636239356565386632353836396661613361626635396663
6464613533313435373863353031303036326366663837640a383737313037336334386163663634
33633966333535373832656538303933633766646636653361386432623438363139373438623162
3566396264373163630a643164353861393831663830353862633436653130623962633137613130
64666161663034663132303736356536306333323361646237633533386237316366393132396439
34376662316463363736393564366433396230313338626133376630376666643035303831333434
34316239343431333532343034316134376264636231323762343336316662383537346134353865
66333035333365346635383263373335613536353761353336643662346633653238386464343132
37653735376530663637336364353163343061323436353139653763313738346634616531613961
61326463633331386463323337316439356265626361323332373830336164663163393233613835
39646664613061376432353030653834623934636635633861613439633066363436616463303632
30376236366137633265663566373866366164666432313062353464653034343039646634363364
65353337353261306239353662303366346665623764383033656464303837633830653433626463
35616431373162303233366233363438326632383165653561353932353236646538383463383565
33326539373361653965346162636335613735353837643830376664613565663631623164356564
36343036386531303961646639626363383863316134383432626231313763396663663133363662
62376661396566383464623633633863306463663530356632393334653062323332303063646539
65383864663936393065346663653062386565356162393734326239353233366165633934613433
62333139333235623339383662356338366566386231336662656334313332336166643332616563
62623164663661643366313533343765353564666366346539643837613432373162386637353931
66386133343632383564666262666365363063386130653636303561353230386535383566323038
39643835333065316130343464666434346331353866643232373264656435343865333330343565
64363032323032373266303961333638343533323535323239613638316137653234613765333135
65616130666332373336313639666137393331333631316638306436313561326332356139333939
38643538653437653339326539623838656663303963626638373332363230643534366366613532
30323966393133366231653764316233383861393836303761376330336461316431656537326664
34366263663161333065313330313761393765653638363463633730643961656339383035363333
30633661393136653539333738633633366135356662376232393539656137383261663664376438
61633139303462373933346465613537366163663734336264666261643737323137306639656233
62666262663462646336313033623466343865303764313263396564613464353262613634336361
65616362616366623431323562623234366431623933633233656166643335623061303435366434
63373336353466343637363437613965363633326134643364376139353565336530396230333934
66616662646263656563626632363062653039346436353533393866393731383432393436393963
36643865646431326661356230393238643664333065666235623863373233356637303635363539
65316438656135623430646262646337376437666631353962376634363466313539303434393362
37666336383837623237616433333038613639663331373864333532336633353635353962336337
31336565396337386330643832653535363263376163393332623239633030663734373039393531
66356162626135373838613537643962623031346239303563323037376233646338663830316238
61356137353135636134346661356161643566353939653533633131393536353762383631303763
33393939353031313764373438623364643532303965323063353534326564326566323164383438
38356133313635356563643136356361303137633431393732313863616532303634623633363039
34333131666139666434303436383838373632363336313135613236646436363830393134376631
38313230623061633832666561323338333430643537613131636634663662343537326162613963
32316266343930393132356265616465353532383838343466646534383263616333303032633030
65623836376563316266646530636466343537336331383161303866303630306136323864313332
65366263626534313834373761313464323635613363363936613435623431323731363435306139
38363462343131323865313065656265663238303136326335346331343466656566386330666266
65326263643865326632613062353034386565663635316438653932383162323264303066343234
35633536623238393635363864623035313335663031623230323462366631656436356539316633
62623030313735653231386266306534343736323063333165383630306233633063376361393238
64396132613530336266366163333439373062303663396566663039646564633566366364643537
34613365616236663130653538343530363766663633376263356538623538613962373531386531
34646638393435326263346265643532343162656566303236343463666535393938626332613330
63346565313562326139356232323737646265613062623938616565636337353566633835383432
66666266396436356636383265313033396261353036333333306663373734646436663963313764
30626338666531666535623731663865646337333364623437333362653434613761343834363361
39633333643637623633353234656465316330633033346531613865626339663631313034623966
36333062313466333762653465316137333633343231653537383336666464616461663337613130
35346433623839613932343031346632396561646238303436626638373232323638376665623961
35346562393339623236373238666332613838343866343364666463643864353066666439616363
30653933386239366138316464386631613162653135396462373234373462333232656436656666
32346665386630393365636466646234666661333831656264653537343637633665356132656534
38313562326232336237633536386436363339643239323133393462636335303661643432326534
34656238326264626538313133643537333263316138393263373134636238643133373536643338
38323662633631353661386539663536383465353961363963336566386162643538366461666164
33356338636437363335366435666138343132623465666661616439383366323865663035613465
36353963343430366165663565343064346230386330363230646436326566653335636265623032
34386636373461383433663733353139303333366161383465616536373764383635323638666561
37373063663730643031326562303937383537313462376162663634663666303137326633643432
37333636373235633736613531393233386530346230343432313338626633326135643234356437
33356538353536623761356236643935343737303336613863656165303861633966346435366536
61323031313238306539396535666537376630383739343562613565373030373264333239346464
63353930333361366135333663363964356432343834393165633339343264396132376262643835
65396432393965366136353833323733326563373039393337396533646131356139303365343932
66666436376464313464313262613238316630653136396566633964313734363565663631626337
64653339626333313634353139353362626434323238666162623866376535663334303331326461
31333461636263373239396361663531363737613765303165373232316262626361326239303764
37373739373233633863343462353366613764333736663132623066626562666633626234626234
39366130326662393232316332313334656137376137346631336661306262376165336331313535
34366136333866373632623736666263306166656639303732373537383737313161356137336135
33616261343733393938393535663137373462316634323763663463663266313032396434616538
65336134303134303163646464376137386237343431666131313636313762323361366134396133
35376238383630646162626466643138383338363264613432666233646135656234333833623734
64346134373162336662363431333438356563376535616637623637316262643837663764623364
66643037623331393064336565616633303332346635303232353033303562623634646438316337
32376466646464626130373263663933643031633239396332373764663934343662343631323562
38396164386431626365383966653965613664316432326239393036613865373062393730666562
66643566646664373335336631326633363563313164316463396363373563386636396332623035
35363436333637326131336135393730333166396133353335323539636363373661366133626533
34656161346536393336633033363332376437653161363632653432363433303764383032633761
66323738326530376665366430636161366130393263343561626262353964326437326566353463
37636662383734626638653765383166336636643765663537643037323263623034316439333665
61373665313235363632373330616438333039633934666566306434383332643633623736336466
37313035666131383531393133333935653265646565303335363437626336626637336331333630
62393632653464656363343465383639623038323138303662316663303234346461643038383361
31633965626563313231633762383066613230613533356633643665383239333635386337343435
61396132306538373565646465643765333031316465396461623934623165366166363838396261
61386266396634373535303031353666373961363534343362316137636136376239313231616361
66643562643164626262666638616334663638373566313832323262393335616262636662633762
32343831393263323539333034303266363565356630643138336266383334326231623661343466
64613936376263303338343837663563313765363864383839623464623035306137623162396365
32333239316437346365306663646238366365336538323439363164383838373462323762366435
61343533333732386563643061373165326462396336303034666330323066353931623062306265
62303365653330356565623532363366373232393066313832653632313336306637303462393035
38303435646334663866663463316236666638303664613764616234383166643964616435653235
65623161646666323265316632346230303465633732613266656365343834613566376438326364
31393061626137393964343639323933633637373438396233653838366231396462343662636463
33636666333665613236393530396239373834643336353338326666386435343335393535323061
66363538366565623433653732356135383866363635303138643739383663373164373730613966
63633463623133316335646531373764633530353237623531633036303865353362303138313633
62316139663333346437333932656661643963373262646635386534616130623064326538643238
62613432643139653061303461666663623533383933356563373932356431336530633563383938
37653838373130613731613163343561303635363638666365383930373632386435393830363861
30316632366363386663373033616634373930376437633334383237313464656465383537313665
34333164306362323737373734376532376366383037363939396337336434663764393661646461
39353034396637353966326263313937383535376138363835383037636135323636333035616532
31616238383665306233613635346133393639613232393135393237303166383064653835376435
32643539376364383430633933326230313632346635616261336532653635366366373538353232
35373335363831333432363737636233376333376633353230643337303138323864303330396632
30313765653464336333663937353965626333323439326435333165623730356432343531373965
66626239653534643931393536643433636665616664353830626335326234363530303435346565
36356132343265623566336533353463303263666339653062653032653532393066363038383662
62626634633933643035663939373336346362633437336164623765323530613334346336383665
32303865386339373237653736636661353335376661333430363031623738313936646333646234
64306437653461373636366562396361326263333839373566353961646161343265656333626665
36353666393865353732323362393839336233616361343039666533333062626462393430393064
32656233623133623261626437396163343562306630653433656436333437366339636530656361
36323266333838646263646232663165303464383361653465643861336335633161393063313961
61323835323435616231323566623837343935343036353263323834306163303937306663333438
62353536623539616338653462623166636266653132343538356532366338323531646136623466
33303666663935633231633836346361306334323832346465346562613065316536636339636266
66643930666664663536393634323833653966353335333433646436343063353531626362396264
62373362383265353661306665386139343666633932623131613139323961613138633530653763
31343136383433666236313332393738363634363533333836616333373635353539383233333432
66616633643235316235366639373766623763363337346538336338613661326463383662666332
30333130353161363836653862353138393934393733643964336462396365643033386365653464
66343836333039333135333733323632666362623134366333396236303331393832396334663537
31616238393065653831396439303634306636323834623263393334303964343831306439623034
62306361356162346162333033323330363862623837303765383432616230383032303131626566
38663962646564666231326664616231393466386661383562383937663034373130373063393138
32396230636634383538316434343139623661666438643931373534303534386663636166393831
39376139356465313237666362336138383735636237383134313061663936613066396166353330
39393533633735336136613835643566356365663061393663356233323832653965326363303637
37313339353562653737303339633262383933396666303864623330326332613139326639656365
38636339363035376335643965306234373164356663643432633535626332326536356365383064
31316363303638396562613837366535646337376338323431643835313863646562323861613961
35353234313434306437383831316366343039623536613064363034363338643130316462633831
63366630323164396236373362653165303538363138303430393738383737346234633665623564
34376237356661363330303430363765343039656262316132636364326532623561663035373764
39663635663665353561313566353334613361303733393734376136383066623239376431666638
65613833666263346162303132623266633837306636323735326566636438663337623236356663
37613266636239663130333636363964323339373730366465613636643064336461396261373437
64613037323537656232353431396437626631306531653563373764613937323539653736336438
64646635323532373130326564383139303633303566363337643934626235613534346639366230
61323165373361366164383561366135653566356134303633363662396363333635346230623762
30633732326663396439373363373932363730386362333135346238626662353561613764313265
62303265363236623032383461386631613234316464613363376164356536336330366464383233
66333363383132343139623265356464323063303830336665316461333238666130666661363832
37373066343437313237313866663630343436363730306634373666366265373166643533393266
32363731393565616662363263656265323739653335383465393432343537383966346636303132
63333236646565366163323531373034613762363934373237393635643432373332633534643334
63313163386430343161333661343465633733663134346634366634616337623061643737373762
33396361616637323761613462306335613235653366343636323631613839373261316265626166
36386266633061383765326234613362373364363837396535373338623535343935636262663330
35316335313531643133383962633230376633336235383830653738643135353436306632633762
31323530643065333537383535343066643863343836396264393931346461663734313365323930
39626364373835633231363331643662303132633734326231326533373633663234343133356561
31383034306131313562633866373032396166356661343161626338323036633230396638653530
62343034343563373462323737363662643136313865336361396463356636666535656333616136
32343639313439313563393432613832326132383738613634393838643430616231666333663664
65633734666335303133363339366638653639613866366164333632306161353436633261353164
36316436346334376432306232633132623730646234303464346433633131343865666134613461
30346664333335373566386662313037633265356433646532373133643661616165633637393762
63363134316239653963386463363230336464663932396233383136353235376438343564663866
37303236663430643131383734393536653235663836336433633562663735653262653839373535
63303038396638616431383937623065633431346335623764626230326432356539353232396536
62313233343064303533373937643539613263393338653733323563303336663563626364633331
36363061373461363333346330323735373339363665383439356563396331653235636662633735
37366165663263363138623137356135666234356634656561653464393435366139353564373737
37666338303637633537626261396137663338616439363834393034333166623638616237393961
36616237396136623064623336333265353635326232336439393230643733653032643730353431
64376362323534313839626138643233313930663238343363396666643934663164366232666661
39326537303937643934383331653062313530313037383265333731313336623962326537623933
65333362336463633837393130306336303763616566383536396631323932656334353936376531
63373434626630366538383661663936653237386561646563663363333831393238353133626232
36386639636137656163643432386138306337376332346632376265653362366432663530316532
66636264393965636634316230323265323261353232613564633439646334313436356161306364
33393634363835383566313562633936663761613364636465633633653634343031666530383363
62633237376135636136666638646561363964363065303134326665346134626130373166306531
31336161386430333838393030383032316237383965643635656335363932356135373731313535
34313830373638383639316233373239306431393633666536366665323539353235373039356133
61613837306366323565623834646332376363653435346339376364613239353034336162346333
34656430663564353437616230383263346130343562373464613931336530343439613436336633
66316664313264323963376563336364333739383339393465626535646333643238353261323631
37396635663634393630373161626466366139633234643861333563666538333666366662616337
63306130333932343634356665333938313064616535333964373430343932343331356633353334
35333461303034353535373639623935336331333133383830343738366232363433613830663432
64356631306265613766393264376636323738396263383965613262653630393366633133626166
31376639336463663461353334393232306566666366653331633737313865393561306530366665
39333261363261326561316265306265353962373563323635316438643966666562373430613465
35383037626331646634613838613864383536626338363362373837376535616665666461363761
32336235393161303138383765366564383338643462346531653462656237353666343866323032
31363162613164633834333364663261393333386336656632326638373861363239336439326139
32666435366561633833383364623164646430663936366637393562353235343532616230353462
61333831303837333765616432316132303937336436613562323964313764383962363132376165
36306232363736313833393637656235366565343133666132623664666430336334613235376464
62353063613338656531356230366339633137313261646638666238626431663062656637373764
39323166303136626539306338636236353030343939613665643531323563333630393564386338
63663433613533383235323361663935323862366135346564303162663230393238653334323830
36373330613433646130383839303363376232323539316165336266633233396365303964616335
34333364623832386166383465343238626539353764633865656130346533333839383165333136
30356164333035613637643364376262623139306232376434363639653933396530336539643434
61646665336563363938336536303734363936353664313232363731303830613561386633393266
38313264333739346536636336343363616536336661646266386334396464373862363331313165
35636430626139356165326334333032326333613062663830643366623465383532376439616365
62313236633866376163326130636135313661623339313135343434323135383932333239613437
39636435333765366461313366643666643831366233616265366662396436666234396437313534
34363965363938346666653230656235633661316639343436333465313735326235356230376361
36643137633130353939663263313030653163386433323964336230396234613730383433363164
36383035333234393861326163353837333331613536316562633932626163303435666137333338
38633731343138303636303636343261616362313261343239343836363639613230633765353239
64373762363636326664386331613965353037643636313331613463326135303236633066373431
34343938326162666136653131393733633265643166643134313233646566663733633538643165
63306531303337653038653939643431313134646636303262633739386538366532646465353335
34636637633264326265636131313534636366313064323562666530613566306232616433336665
66616338656139393434343463343034656339323836313161653239353738323464303961616237
30643739333665326364626236373137396338303838646531373330633039366563383430363139
66313332383361336639626534363036313163356263323932366131303464373939373134653763
63313538343662343233346665663363363835663165366661343834623565656162653933663236
35336235316433643066636631646261323630636533363835396263303965643234633265366666
36346136656633376566653662643835363932666439393732643837383932303433336166623164
33383731306566626366323734313165636564643366666438663533663331333734363466353263
33326433643832393566396234343161626363313235653963323465633934623339323738653463
34353838656562356437393833306262383039316637376465613061353634613333376165613864
61633236666137346432643230326536393336373436353735333736653131393639653935346336
30376436303766326139386564343638383565373463396439373133383139643061636562356564
66386533623036616530343666303434373262646661343765623561386566383936316330656138
30306338653563633333333536316437666436346264353066656566396561383865376335343063
35363636363431323134396366303639313465383962613963313061633565646666653933353032
32363262383333383539613437613434396361653061343734306331303133613263626139636632
39353136356238623162353965313633393963396566376264346663656463616438316132626663
38653036376437653038383062306136353266383663626235343261336635366333663261323262
61396235613335626332373963633037386665353765373132643339363638633239393232363836
38633566386462333438396135313465396265656230623232633038663136656538363737666239
34666365663664346562353832366665326437306630363235383661376532616332393430373934
37343830636533663531386537383733333065353232313766306162323633623363366563616530
63383930383266373135353736663964346133303730356463623934386336343361323163353763
61306663306636613866316235623130633362353937366166343466313865393531613066646133
66646335373832386332656431386339363331666665376536613933383632383463333430353635
35656630393963396234303937353034313539346564613930303438303166353739613362666330
36623866343766616636626532653236626234363565613136613936373966653136626261616236
64323263316539363536303137336239623637393339663933633762653332303061386338303266
35653363643436353438336432663534373765346265613233633962363364333665656337303363
39633337636635393862343062366361616231643438636266613265623730656136643536626361
30383537366535323666616534326163646438363835623834313064333236666664383632656266
38363638643339633439656661353364623061656338663865656237363564373935356233656433
33383332646337626535666666383464653565323734646562306630393236393133626634393835
66623537343936323632633261383938383137363466366263636139373733623864623835666634
33333032633137636138363862616164323164366538393831343037633836663935336233633161
63393862616239326531396235343964373562306434623536616436613865356265623135356264
30646131653831666563646139393739303436346434313631353036303231343066346262373734
61353534323833323962646432363536316235316261663936656664623730643436366537303566
30313464353339373863383536643837623465343262303061646665383962646334653039653964
32316634643066633035336637323331313932653237633537303235646265636535303165636661
34613163356464376663663636633833663461663037376136376562653865613361366664323264
31656634336636396363623631356433396233653635653731386266326432666231313434313230
36346537313432303263356439343239393836356437333935333034303436383464653132336231
38333966666632643230636332636162346238366639346163366432633735646438376632633762
37633964646239636136623564666434643866623837383439353430346466393361663264633264
31643733623764356234666562336361393661313739363861306338326665333133333530353864
38323435653238333437323562346161393765373631613362626361326633323437373264323633
64386333663664323833643635376165356435396664616565626538666663333538316364326237
32363133613832306333306634376137326633633261333437353132363635373532646562376431
30636166613036643366313034646231373533613666613765663133636163336664663832613665
39336334633030383761343231333964653933373563316630653033396238653836653334313736
66353439653966346631613631383434626462623131636531373762633130336435313439376239
38333863653031323066366262306534643363323530313830383863333136653333643435336232
38393462613363626130363264346365623431353639636237613834336331333462376235303636
66646434346432643538646433396136323433386637336634323436616130303433303362653135
36653637333962323562636336616338303466306439373764336638356233336564383764313638
32363838663564363536643166643337646664383163313134613430643734363532653334623233
34373730373861353839363530633236346562613739373038303435613735653261636434646566
65333061336537623535346636366532353335633138616435313962343366303732656132363034
30333131383639333838666235623862313665663337353032373462616439333664356461656662
34366261663065393831386635623832623437383866313438363039623464396432643337646566
30353439623232396131356566643038613638363564623133663464613434323661303665333836
66643263386131323734336363346138366139356132396133633164656337373535376630636530
37356535353864393237363538373732333862646232356165663866353639636136646166323461
34386438376130616539336339393237373962663061633233623630356366656134653338373737
39373963666638646537303635666263396238373165326461366564366239613766643030376535
38626630326265343365396661333862633239306239326438313237633932653933306162393462
35653763396365313566336330323964393461386434656439323235353739626437326435333831
38643536343936653533333032353766306464306166313332666564613066646330326234323062
63376230373137343737373366353437383732656337663430376530383235666430333134646139
39653138653137373631353633343562303061666236323961316636353561393466373838336165
33316165643337643039666232646135663934373363376266653662626130333933353565633137
31616563393330383762653465326365356438353066396666373866656461306330373065623238
32623936343830383165313865633861336332623631316234636362353731643461646462353631
63653166643838393834326336313436623836313430643563303736393962386630386538343864
64313534373337613435656138326338393038646231396537333261663034613166346361623564
32313762653664323032386336666230623238356532636439343533393730386634616638386461
30323332323563653261653538313535663665643862646638313762623530323136363437613631
34353735383065376561346364663238643937346363306163333661373533373133633661333334
35373332613231356661313539363766656266623261616233346238323033646561653038643934
65356131613661343862623039343363386166346266343033343130313030323264356437616665
34333438646535373337303838626466376136353135396363366663653566636236656164323430
36646431323039373736626135626432613339666338383932376662313461376138333662306362
63663039663231326462343930303037393139363338313463346133303739663864366363396161
63366137303339303463316636366334353237613338353230313566373266346361316634616535
66623538336661633230613064313136613739383666353736653962613931396233323030656462
63343365613366636539656133323834383833366633343238303730326163303133326333613065
64333032346136623531333633653934666262363833326235336366643433313234636433383931
65313331373137336463366465383066326631353063633666313133653239353661346261366431
38623338316466313461393631616363326166626434303839353336663439636461623439366234
31323163386366323361633534366334666165333034383038643337323135333134323966326265
35663566653336346435613864393236306634613061646165653234316232643464353562623431
38613666393032653130646636353464373537373535373464356463623363653638386565343463
37373231353361633533336330303836376133363437656265316233396365333534323537366430
65366531323131656566356336383562613162393831313438383761653764383738353564376131
64366539613431383666376634333038323661313030633831626631633334613839326666613838
61666233383538313638383334663731376633353238313064356366643735363837316466633933
34366564353932633937363861343233316635643765316238653435616331353263306232386463
66373137346263323161636464356535623362376165656461333735643836306136336334623864
31326130613762336632343238353865346337623630636236383839636139313638643262373435
62633138666439353233346565336536666136313566343935366162316363346135633162333737
36343037383839326136646362346666653732636264616439616664393563326438386539383766
32373564633835376661353536303135636136643334613065303432383665326231643366303232
38666133346136663866346534383534336261663561303763333831643831643835353736633334
63663330303734633830613133333530663338356162336433613536653066363033346338663565
66306339653238643135623838376261323465356265356262613636646534376436396337316262
35396665626436333336316261363737343863636132653137303466666237343130393736613262
37306366313435656634346630353931333934636534363262326531643630623232313964396137
33376334336535636139333636373436323764653037386362613264646261616339323065633561
35366435653534633133376662343833333966336462626634356533343539343338346235636136
63343337393734623231653265376435353763383361316639373136323930326465303964363462
32663965613331346130616532313864313263363665636635366362613337303861373862303066
61636537333039393564336463356263653231396539313633643065373434663766323563646230
30316663643139653538626663383964383139356236646136306133663930356532633938336139
37633739303532396132643130613465333635663238366236643931333235636438663461336361
39646436396466656566316334326234393433373361643062343631626335306536353934313465
62303234316538613730623263666436396337613564363831323731363439653365303437633731
66323438393732626637373364366132326137623135363435336534656632396363646461646362
38333266313534386663353863393634396332386565393934636135646430623663643164616634
65333165636430323061383765333830346164356261373761623833323638353531653639376634
64666433636664613234333531303733333366323763636365653638353831616264323830313964
32373734313936383430303036316537656161646335656464613365353665336566346662616434
33353034613833613333623336353464633563666531376635623363366237313239373565616231
61393034336236323963656363613162653966323833323834653230376238663364363830336462
36366434626166633731393539623863343864306133666231326431636464383364613766326336
37316562366231353233353130366533363130343030303437343034373231623261363639653565
30363732336238306462303638366439623430613364313039376639323334333434643363333930
66633030303638383132366230653236656436626638366530383362643864333665616238336437
31353631343734393733373564326365653263393934353766356665396334646464633061386437
38303932333165666431343565393866643735393036363638323939383337666664663665333530
39393530666538613538653130623336303661636339363030643532663761363062366139386335
35613566363634366230626334303039656664656338333364356137343261653036393330633636
32616362373439663834653335646134623333353431643565393733303864653765363562363363
66383832633664323961633462343034666462663962386563303266623534316637343731393662
61656635396331376138333966623866356563306432396534633330373664313934613733333466
37343861643962343635303835353431313938666634313231356563306537313332623965643334
61346138613833356639633466373861353062663431383765343734636438653266616633336435
37363765353136646462396666613934363733393064396165346232326236653965656132353839
66316438613832396432316361623962646333633165356364383032613862323833383762623239
35343839353335336237646239393131633830386536393037643264623063393431356530323462
32393734616334646265643265353862646265653135356533313461653261313366336232313237
30666432393865366366626666323738373634313833346233643930643366633265393163343235
65333536366131633532336365343731303839656461346262633964366331646237363762356263
38303135303263653465653061656534336435653864386535386664303735353266366433613638
63366439386165316333636435346432623535386231373539376132633538666633356364613334
65633638313133653038366538383830643635333635323438663531656637643266313434373636
62643334653961366436333039306231306338653766653534646632663233626538316438616561
31386366393338373830663534633262353732666432653032386330393661346234343465356461
65303132316239636538373962656363363834333037323865326638633834336136613630643736
31653266393736633962633936346266633735363564313838373636646630393531316139383137
30663934363033306430393530613938326663643765373636366630333561333035383930316235
65373163346466643230613662376663623366633536366166376339383038663765333234373263
66616565663032666639663136313962646330666365393730653463363735373231373636323135
65626131633632373765346531363961386163306632383237313734666463306430323539353736
36323963633830383832393866386333626536356661303266386437316463313862616264343030
37666565323137326639373164323330623633323630376431336639636563313837313935363364
36336433623032656462376262646634643930663439353133373962353132313361353062653837
31363265353064306233633963323766363439636465363332363436383634323564333464613762
30373562346232333536356239396264636663316538326466303837373062633131386231383537
32623833376461666664636437353234653435383664613366373661346565646565346433386363
66623835353732343033663166633164666135386537623039336439326132653930323235363539
34323334633233656433356434356633333463373431383565656664353036303534333834313239
66653334303632323837376630316436326463386666366161653161636536653936636464623964
39386536373064636434363365343966646535396139616331393031643962303462306533643932
32366634323465353032633939383866343962396261326535303436616262316433376437353436
31343561633766323062643238353138393631393336323633393739323636623062303438333263
61356463623661613063376437663735623263636132616365363961306530343135383636646535
61613365623034336563373938326566653566613737326363613131633031313131353634646136
37653365343531656434666161623532333739373835323366383362373064373664646239396432
38346637306535316364656563326135303366316636633935666235663933326464373035373936
38626465396436663834633266613534343164323337373561613633346466633731323765623339
61623031303737316535643832393065633534353764333238323032396338303737353939666466
39366662643835656165303337363038666232633934363032343965346434376630376461336462
35383535366261363630646336353336613764323262326466643765346565306161323338623730
35353134386132383461666230376137303038616463646264363739336166343530313732636630
63343836636239393831313163636436336564326131306634326230383239393038396364336638
32636562353862626564303730396464656333373031633539633635653262356464343337626265
64663630633936626439333839306233333662383766396265383130626565663032636332633233
37373161393636343838646635623437383366396330653864323730373561363734633662613639
30633364633663363766383736336236333131636439643864663166373961623633626665393931
31663965666363616331313932376530326134623935353938313438616533663264303361633936
30613937633561353031623431626662383661386131336463313832633035613564653732663964
37663439313261626338336239323864383465316333356566613834663166363239373866333461
31313835313166666633666537643139646561356634643639333362626539396234643561613664
31626662356237353165356236393036646564313430616336366136343836663531373232663336
35636335393664666238653038663332363064356439393839616436353237326665303038396163
39303031313265663861656436333937666230613030656463393061306439323866613935656137
31316663343964306562353835396234313030633465346436323263653561643036656637613537
34616265633863323332326339646130616666323465303438623138656362323361346661323232
34653137656637366239316134306335646164643839663263326539663232646663313462646466
34306135313262303537646466356530366136343062646233316666623336313637313934653436
34343661373438313461356233626336626439333939396334393937663531613632303135316461
65663735643035616530646130316166643565626339323438353265626265383163373561646239
32353831646566633764323832306235396636346132373662643066616234313066623630663735
37343965623162303233346632363337316661386630383163633062323434366136303238653037
62396332623331353633623465376132303164613232343064336139346435616436383437616439
64383761353138326631383137353962643732363131613463306135643131373337663766356465
33646663636262393764366537663133656538343032323633383237336230363461663136303166
65653034343063326132363365316238636430373231353764373137643031366564316661313262
37633936366535336439323166636235623265663663666532396262613065656638653532663866
31616566663763393263663934346464373636326563626333356438613265333965343636633334
38666631663361313533613832376436383463386135626665323636633261363133303531613366
36313862663938653139666531653033363862663761663363346633643734643463336661643339
33373633313338643365376337393966303462636463643534666137333963613132663463306465
38666439663963376465326530326364613438646665396264363463623034376630326263393364
38363930663433346165386131613330303661373462663038393635636661623739343765613362
34346632363761326137306437366565303539366338396666313035643365366461616564656132
38306665613930653733393834313938343463343339636437633630646435346434343833623765
64346265663631396461633762633734353434643731306138356363653564323539623263666435
63303738633638363638633536383433326536613931383461643962373766343337343962323061
63633032643430323036356431646637633865383133653638626465646430396636363234323630
66306236633232656564323965336231346533396531363539323565323532646533653463333433
64393564373738653065653466633632383738666163333261383661366338656130373039323330
62333931356536643266393266353939333136316332666330303039303565373165346334383937
64633835386434303737323365653238383931353132353434313566623435333164613161343730
61383965663037636465313264346631616538633333623239653162626233643536386364373766
37303862333331313433653830663433383331353632396362653930326265613633393265326165
63346262646361613962626662363430356664363863616138303133376564313963636537303166
32353761333662353264636463616539363462643761323835323632643531396634326336343136
30666230626331353363326337633637613962373931393166616364646437626130633932383534
30373232653738633734613165353139306636306431343136393930346638656137333330373533
62313065616531626531323963363838343731353330356535633636643162653133663935393662
65396131393231333433343366663937353431366363353530633532366561636635616532356432
63346364393666633766313836313132323232386631363731303633353131333963356138623861
33366534643638326362613432386664363930336231393362336430663964373264613339653432
31636537383033626639353365366436643234666634643961353337343466396534616563353839
31356332346262653233396338306337336536616135396137386234363531633265356163376337
30356439633034316165643762303461663532366238376638633066343862623231626435353763
35346663653865396338633935626333313738636539623261396634666335303536343431343439
64333137323932343166393665363561643666333638343936616337346331333032616538333939
62626461333136306666303139313535653565613037356330663061323662383162656565333234
63656364396639366531363763663666656539363031343862626562616136316166643466303764
65303061656434353831626537656238383932626133306264346532373237613537623438376130
30333036313066393438326234313136616633303433373565653039356538643266383334353032
61386537353165373061666132346263366232303938313231623461376334623832356365633264
65393664616332663838626635316461386430363963366537623038313465653133363130653737
33303739613662376233616363303363363163633133666136653434383336613363646336646663
65363639316333346137613366666165666538663239363461353064636364333439643535633435
64313366313465363635386433333462306230333530663036363539656236373763666137363964
64373436313036393065323065383936356332373636643335306437366532383533643736326636
62396233656636333930613538663839656564313736653335346434613436376439386234313365
64373936373538303134353431626237326665396330366530303634636239306634323636656330
63383361623539326132353632653464643439663138336330666536633262306239356235343531
31393731613035323663373562623535623433633263333939623063386161613135383831643161
36613937303431366439336661636433316539313163306562306635643430353061373238633234
66396564383932666432643065366163393162366266666266303664623932386263323534323562
33396538366465333638636635386463373965383734656665643131313266373937336232666436
39313737333664346435633039636363643834366131366163373365643863323865323463303134
62373164366265613962383538386262616438623032633862633934656464356534643661663637
66363437613437643761626531326131396236653133623163656137653432393039306665343761
39663032356239356661373939363134666462616533353162623638333664373561633536633565
31616665373064666331383664336565656438306531636539343135623631363766646566356162
31363662623837346430326432313265333466323662343438333261623536346465653766643166
66393139626433343931393834663366366132656635396234313466623438326336306663303235
63313165303735333739326637616665396262346561613838346261313831376361666639663733
37636565356430626464373238643731343333383333626235363461386562663662383861663363
35313163343638383333363639663339633362373931663862396130663430303161353564613934
31666135663938353937633830633363636635343637356462396230643565316466396464326133
62303631333934363830636636346561616135616164353831303034313462666335646632373766
37356231653066636465363139346133653034313861363766363065356437626531353164663763
34303163323038643639633133383834393563313234333538343763643631306364363036613030
65363230653835396131663932396261613138383966326562386632386239356530666436623739
63646135386132396333336461643863306666383433383561643838613535616563633966633661
33346630643235366436663433346439656662303834333635613565356339623964303435626330
36663933393934323235333334396366353132393563303462656465343234343539303731333939
32653365313632383832626430613333326661303962326235393836313430653763646338376438
64636532303463633065343233373339343164633839316262336435636139326533323634643033
36326433393861646165343632313837393061383838303139313933323435343638323439663739
62646666653265373334613061333865666339316161353130643131643634643539666266303038
34346461316463323534326163356163326435323534363863333233653239343833393234626532
64363433346235613464646361623436333965316161373831333735363230623864333063653731
36313564656565316439333635663661333038363165333631393965393431326535373564616436
36386434643436383466386133343635326530306537653262383162343932393830616334336538
36643337363166316337663139643331626165663238636334646330316663313138353737633262
64393539633163336534363266386131356362333936363331373237646638333034343761376431
39336534653664663036386463346163333230336263613038653933636462386665346162303565
30343939616230393639316430316132653763396361613230376133656232613237653461343265
34396235323532393939336138386261666136383764613565633633616432323434663839646235
63336639633337396634636563353538396439633631386139633966306361333130643064363032
32376661653936356363393739303863313064303561636239313065353034663734666166633731
62666639306234366332366439656133306361353063656235353364303837313438393734613233
63353538353931336365333965396132643064653665343734666538646538333463623636626333
31303637313938623163366335656438613361356636396466333538353431646436303233303339
33623032383962356439353238383039363166343165313334366533363732623430313161323761
34313135613937383435356164393733656165346236306539333834313833313363333935626564
66633434376330613833326230373166633639613365326339336539326339623561326364313466
31396439626166373839353035373162316163643839616330306332613664383431353865636332
66343165373763376166613339363265623961396161623234356136376539316266613032323564
39383636623861376261356638303635653330623239613363396464663432613239636535663430
32663033383634333137386534393064343335393030393030613263623237323066356534643434
61356230333137396161656466633064323464316665616338333834303630376433313832613630
36653638663263623361313763363533343161303964613135366234313537393638373734623832
64326562356432373435613964376634393863363332306264633361343761643035663132656336
35663663376438393564623666623930346539346637616565666565636539613865326532313738
35356461633461366566326339393731366331623366353966626332343465323834313030623064
37313264653734643133656437393738613234323430393765656262663734353639333838663865
37653139376134373837303235643065313234653066303539663764323833613864323766343365
31316565666532636262373961383932346463363962393936343064643534653136633034316333
61636639306433373963353137383936303466653931353263366164396334346330313866626466
38356437313036313261663266613630666563366339323463633063386665366366356336643162
31373136643330626135636232653762616235316166373963653632653937613166373130376463
38643762646131643363393466393938663763646136663736306338656433633165623961643335
32303832616233383764353938613639323161333534376139663563306263646138343638656139
64613232326635353264333539643666643763633361376639376135373533323135353636626263
34373930313264633963313331633166306338396338343161613962633634383663306135386161
34643431323061663964343164306134373338616165613933353730613465616661306636343430
64346437623365316437393863373763336632363863313163356130623234333735313234333063
30386662626332663933393038383730616265663434613762633638613964363434616630353561
36353637656262643761303839313265333637643064326434653265316164646665333033623161
38373334646334626630323339316665363431373566613239383532373432376439666563343937
32376434313663303933613133656636373261653562316636346231353466323461643132353561
62353834626563336130653333373639356637363565653366323266656362316638313262353531
64303633346263626665643533636234373830383433653563626534663066376335333630623962
34333866336661656635313266653239383139393666376566623464643231393036363134373138
34396330363235663830356635383738396261373636313833646237356339303736346666643739
35646639633634376532646535306165623231656434626663363632373663356632363433653435
31353637313637633336303033656334646530333738393234363831626234383230383536646362
36353066616334613035376464316537303462613331356435326663653264393965646637623833
35616462343264636630393066656337643938366234336565356539313837623931666430373566
36656230376366623765333034616337373162373333326530323265353932333130353430363464
65363663376531313830383966643334383530373438663832333431616238396537663866613162
65306331643430613166623130313539343366623964306561343163373064626230643338356465
66653633353935336537626465653331383162663036313261353337343831313835356236636462
62343630323765303732646330393538636466663666653433323339376338313134643136373136
35343037396336366134343265636538653866643365613734383935656136663063386333653630
30366430393937343139393333363735383563623537653934306639363862393136393237663133
30366232363235626632303432613238623962623335366533333532616332666663633439663239
37383966313630383739616566653034333564613465323534646536316233616431653763643463
39373839666564633765393531626465636630633362356365363936346335343639333931663864
30386366363166393139326335373662616636636336623437373165636238316635333738666439
63356336303063356365663339646637343832336133353634326237633466656366623865633538
65636338636466373262313163363565313031393336616539316161613730343563656361656664
66303035643864386561306236616163343166383661663661343732373966356431623739303434
66643832363865343233386664323533356161623736626462363639306162623637306631306333
34626638656261623839343462356532626264313435656638303762663864653266333130356337
61363430386566643230343463373962663335373566376636346134336632366562366233306266
37643233666164633166373030306666353433333361356133386337663830633639353436306532
30326333333131613333363636383964623165393630383932663430363166323565356562623764
65393337313837356632613237316361393561656131383164373864373035663062323732376338
66623231383736373966346362393639623166636234636131303530303938366335353332626164
38363032313764373564613134386166333934316461326334346435393732306334336461323232
39346538346161323937333361663439316532323061346435613261363664643166393437353766
30376135393064343732636537343866396130363166326237373836623366643563663465373266
31636330643663323535633535303434386362383965363063333239373366666437663335326632
38386336663638623034386461323365623432303331653235383830386565636466343466376637
66643162323731323566626537333938333663363132363066653634393835616234383565653633
30653634663435373661303335323538323765353961613635343736343765366631316236393165
61323534353765623936653936383961323764303033653833386431326630643135646534306166
39323464663334386534363533363036613032633562636234336332656434346133626161376465
33303662396231383233363534613665636231343463666565356363393437646332386466346262
64313835396263343762626363316334373763643866346363613636663862353962663866376334
33643733383533323439353962346137616331363466393534323233326561653661626665656563
32313739613434653863623935356435643931373535326535373836376362366335646330343030
32313861343634653232616333396337633731643430653135633265653061656266616436633534
39313761303361653538323931646165343664323264343065303066636565643134633735663939
38643864333462346130623933373638373766323131313139653732663132636536623761303235
32653135333266333866306539326161646261376461303763653833346163376436353464306536
64366335383833363938386439306136613032383132343832323931613462326531353665623631
37363439343733353361663762376264666163396238333932643239353530373837303736336236
38333839633666333537643439666236353739303761303063383161613166613461623865623361
36393562646231333764666231313764383863656535653431613037323133613531393735623930
39316632663761663839666138323731646563366430643037326330336430343866613134623833
33623564623835316133346131343561643064343833393736306135356361666663376562333939
32366566623834383661386564633762343161393063303833336431333439663738323135613631
39376439653863343538343534303563616666623463636666663034363639636261646334363339
64626363376564386333356632336364623735363230393238313562383533336266346561323337
65656163383534383034316362393132326261663062613863646238633963366262653263313932
35653165316465316464326634323463363436653237313233643264613466666538313334353762
62616536626565646261666664323166633337333731376538643838353264623039626630633563
65313338393563353032373266343737323639626331653663626634623536653336383462306162
63643466633363323364306132643938643865663464373663333661623361313933656266633630
31333334303831393532623034653039623464643138366162663035333336653963363161323935
31393839396565333735663365623865353662633666353833383235616334316534303833323964
62323761613461633036326666346266326165373766363365613931333735633232636637323835
30346134613635643435666230323361326663373537646661343765343266616363373831646338
36653563336633626132333063333935396130306566626564313562383364633138663839643139
35653039643138316465346339303238326434333630356164303635346663643733643262613136
39393738346137356138376633663531373433663432353465376639306234313865353765346165
38343935343465636639323666393037643132613237343330646261383264653733396239396438
33666566623838346263393933366331656133326539666664323934633339323165323138393639
34376664643961333463306462633837386263376165626439303537326139653562643939643863
62303439303931316239316334653439393835373965653362386664383238633632316430393133
30636238343038393335643833356436343838353936376133656336666661633566303130303832
65353536336662326634633962363432363162666337343035633034356161333434343037663536
63373861396632623462363636383533363062373239663230363233643561653865353563626337
36323536333233653931306138663565303434326131616466613734306262326339303631653466
32333830396662636163626137663864633737366632366364363036333033616531356430636637
39376631633635303535363363653863383830613831386433303761633865613463353362653665
30636362626239393365333263393434393662376133316562653038666132303033313365383436
64343938663566353132343433663037353037313461666438323761323532376633346264353965
32396633376535616236346565383435316465303534636164373465626264633932646333333139
38313032303963353136353763633766653437363334323461616131366536323864646566633564
35636532623463393161616130333063383236643863393938373531303230616264363132396563
31616336663762646662643731306532316636306436643138336235633466353261313861346261
39373039393730656263656435646635393863633436393434313733366366343934353264383564
33376134306632323736616164353861363032613939366565316266333931643736303434613033
61333732663935343234366230646665653330343735393035383139343662346662306638383930
36633232336635353439643937336431656430343166616239313639643761666138396538363630
34663465313566646330323131386636633633303235346332613934633734363034313161613461
64326362383938336261616466383262363035313239636432303230656239326539333036366432
64386166303831306666356463643066313731316562346533333931646337353863643132316238
33626662636436663737613062623465623330383935346261356535653865633235336338346534
32366534306434346564366137336162633333636231336530353865353736383963356434343534
35393164353338623464653562386136333163313039313036393263373561303935393863336132
39666563626134666464353637353631636631326565326232353131663065323130326663393961
36336633613130356166623865613336363032353435643436666139396266343464386634333230
30666362313435353437613166343463383131323232653633306136633961363035313731383732
34636564306662616134306533306632353837383461343735313266363632663562386437353962
64396363643365323538396337346563346138663433613938626661663033663864346330616339
32666338363466356464333432653236363864396466316365386363373236336662346262636431
63303236323931316138383761373236663565373563353264336331613362663865646433336339
64346461633062653734393335323964383032653166656534663564373734663337666363356563
33373537373234353230636433383531613735633833653131376661323065623039616335646237
63363332366637663830656433616535646165636439653031353064646436666338333665626231
37303034386533646165323830316431363333326637343432633465316239356361643335653062
37633935376438343436643866613035316631653935666263326463366662383037626433663363
32663864323335626635313565616337653462366434663039366437336431313239656562613036
63633536363163666431386336643964323764376163343466373364386263303134383863663363
63346136386464393934383332653836373634636533646465376161356133643237373435613339
37383732656430396635363838623730623039313761396631353637393266656236323938313039
61656538653032373030646635393838646439643033663934653565613162336635656165653633
64653565373631653863356133363639616665386466366363316466616530303562336365616337
38353233616532386165653262363066356436333334333532333064623535383936613464323932
31383332643061333161653332386139326565383565383937636165333962633636363536353232
31323365353939613566613164626135643534616463666232613134373638633337633766373766
30336164373761633433323965343138616265353830323534653939656364393030343938656133
30363339373862353833316530346532336334613539323635613930363961373536316465353062
37363139643135636337653938343731666135653464363364356339353337363234626338356132
61353835336565326239376665336232383531306364396638373439656135393735663231643631
31323662306133326132616135623065643961666332656234373364396236323433306261353339
32323763306432623138336166613563393434613336643865646536623461373636646266643835
33326464326231386330616264373632386130346337333234386333393031313434343532303534
37316135656632646630643937373830613163343031396463653831326164616132323232326430
37313133353135653930393031326336393361626435336134633032666534636162626462623534
32393364386533386361396230336133346266323661373264643030353030313130616166386631
38306562643433383134663930396534326339623866666236666332323165346137373037633338
65353165363237353062353863336266396561666461666636303661366639333164313966336233
63623062633733313330383037636562363463386166333036616535336362326431346439343139
37393230643531303736323236323866333639386633633662633530633233393630626239633732
30333761633939373237333836333437323162656461356532653936353934396339383838626462
33366632396630343230343438363063623964613937303537393165616465373837303463373965
38393530633066316532323535306464363431393561366463653932636230336137383135353539
36323938383231346239613135323138393234346664306135303438346462383365333435653130
39396234386165646432376236353164343764336563633638336133396663613165623732663666
37343136646632306334363930343634653666356662363664663837386332313832306139653036
64323735386665643965343861643361336538643461323064326565626630316264323739343564
30393833373532353966653561653530343265646264363462626630663338626531373565613339
30353630373761323337663861303062376337666264333362333634663838333163646139633338
61633665366565366338316664373462666130623135396161393861613837306639633966643263
37346632303861653963323332613464626331313830386439663439633337373536346464376439
64336337656437343166343662643664643932323037666264616134306365386362643563373561
31633263613666346464363239396631616332393061376133376531626264656664613032386338
61313533653264366631353634636361376338643936626437613861636332373734393962396235
64356365353463316534323362616434616636333035326562313566633065623664363465326166
66356535343537373330383161393539323638336461646161353938363063643636613632666130
36326666643964313334636134616230633439373833626438666236616638316161616536653633
66343333656331303331666366373034323962616631383762663031633262386565333561653734
66663366353535303462353434313935613332356138643962636137643066633964343036643637
32626434366531646239393263383836663238373863353161656261353866306336366561363035
65636165366464633835313861396666353661373264666139366561623634363433636536343366
65396262333639323934636231633161633537353431383539313462626235326238333165386463
30623632326437373037623534323061666233653661343737356264613538383166313463373733
36363262363835313961336533343863316563626638396466633332333461313463623866643661
39346437343764386666396135356566643235336236383137666366336461303565623662313330
62616338656661633861306230353466636665333830326361373965323535623964383030376333
64383466383963386331653134646233373232333031663632326430663832333431393663366663
30323436663761306432393063313535366161643237386431303065343236343465313265666261
35653733393362363730316161616535656336366333363263303933626337636134653537613565
39356365636333313631623563343831343632343534633362616665633835366531643737633033
65323938306237303264323363376330336430643765653936636564316336393433323037313839
64633335323263393164316266366236616430303137356363356461373161643662633932363033
37323537376330373164666566663362303139366538333566373561366134326665646539323734
37636337663935393330333730376431393964653565353462613962653861623933343035633839
65313166646664613464623164316137306463336230666631366664663866613235653766613838
35336633336432373234393338626538373130343066613165626662616163313333333362313365
62306235376233353530303630343163653163323161323034643036666135376564303234666635
64393632363265636132653963396630313665323563613031326139336633646431313338623462
63643238353266306632616561393361643461353165643735383461306639363365313935313161
33323030643663363037646465623366643662343339366166393064323932356438313763303563
61396436316465356363376337646636636265313732643933643435663163353263373138366166
36323133613934343833323837336631313931353966393533373462333535343733376636373539
66336463643435333432666262663465396536616636313235333336386534373738623466653337
61306362343431336536353230623236383531396538666232643137353037353232353363656232
61373030633839666132393230376438353139336464386265666666636434343064396464363036
36393362646366376535373336656534326262303561333535336565323338313336333765346464
32636165323465343438616131613438386239363362663464333164313561633463393362303964
30323130306630326664666232363761333233623565626130313839306135396362306533366365
33366564373965306462646439366237313138316666306362653936656430396237666330376663
33373738613136623966666639366136663433633262373335393535396530306166323331396134
61626365366634646136663232646335383230323263666564373934313166336439663963643266
38343564356239373531363831363038303964393339343463373532366337663733323638373263
36323466613931303964653331636139383134636131373534306439346239393037623532653461
36633734343434353730613433626133366333373639343336333732313364313063323233353439
30363366383166306563346263346237396165373933613133386532656234643433306562643964
62333764366234333463336661366461623361303761303639653237356162616632383032373837
62653466326632393631666532633838613936626564616333326634663234633362653865396430
36646130663638663936393261616338316235326261666133333039656131623762653834643965
63316265656635666435633266373833323732343737313037316530666137373234616432323433
37353461616666346264343762643139623536386264383833616664323634396531353634386162
38396565333931363738353262343538633932393934346334656238623333366331643437666239
66393332346661393732353137666265303862396337663065333132323839353836613830356436
63626161386532376334646163323938623137363037366132616334313238656362363263326361
33333666323061376664316665393239353564336634333665396331323261303465663464343033
32653233393037636234316666303965353562616337316435316236613661656562303337646366
33303839323831333664653666346264633038653166313035613635326438653431306661383534
39663239356465303635353735616264333530323030626631386139373030636633343137373264
65623363393763346539323031396165313138366465636564666638396531326365353637386331
35366437633232613436393365386130363464386263376362333831653530353638313263666531
64356331326631343137336231346264336264666234323031303037363932383263306161626236
34303635336265636237616566323134616462396137376133386238306432366461396137633939
32333662343630333738346635316532626438663261623233393464376364356335393538643130
36393637386561343439356338316632646133343864306266383666653561653639653663383336
64363433323464316135393966663436613136373031636137343465333535326631656238363933
30383233653861396437393637316234336438353365343137656466643436393633656563346635
65623665383439343437376665346232333265356237663938306662353230353866623830646135
37373663346366643037393138636132326538386339353364333333616261323665363230633564
38666631646438633562353131363734376465306635393237396231353332613733633661613538
36396632356133363130646332343039326537346264303633323062333761383432336533383032
31333330323631346665636265663662386266316431343361373534373439626434383839366338
61316437383334653032666666303033643935636633363832336234663934663039343437633735
63356430663930383561353236396535303461376230393836633239373161626631613262303830
63313861333639356534336465343234613362303232373561303736333932353963313637343934
64616266373834363337373431373761303865303632386430333330346334646634366337656139
64643264633831393630636463613166326332653563643738636566663933306530313433653231
63343139663461666334333337636264333266363264383865623038376433313363653938616436
37323232623133343764366466396566366563353563393635306231366135616537656464313833
36383764303937323638623136613532323732353837316438616663393364336634333232333764
63306538646665346162386632366364326434666234333339383133643064643231636262666261
31366561613832373630366439343966636230366235356235353161383462646339383438383334
66373763373434623934633461356465656433303962656235326439313039623663353935303962
39313030616365303736633935316137363662333066646233316661383065623165663265386133
35353932363162363238636161623061313538656631343232396332313463353064633335643438
32343431303065663036383765306635393632376365613661616264316536643731653336303730
37343436313062386232336334396463663863623230333065663166346165396364393331636531
38356630613730666639363932373861313738663139353764396263623639363766316138383930
32336565633734656130323237343463653436653266623034313830366362663535393532306261
31383630366433343763636233353639333266393264373337616163303933643935336634353865
31656132353731396132303262343735623936333938333566666434646234626236313236386665
66343835346163613833306438653233336532626266343130353637643539333363303064376330
39393862616239653762383735643931383338636166623730316630383233346438323237623536
63366237623738343733636437383833663339343865653335663039613531336638343333663639
33633132366239316462633565613336653665376566393866623366316534383932616332663361
31373635633336356462376264626562363738356362646261613434313062366362336566633934
64663531366162663938326362333637376631636563323538363035323262623264333966343731
31363862306431623663393631643436613437353833393635623237346635396333306665653763
35343232323661376134636264613131633830333666663266373362346362323730336164333833
30303135363532333636366162653831623433393333373466643161366163663737393463623264
66613166653637363362623533346436313137363034653130653962656462393431613530616262
33356239336336653265366637656531363631363636326264363733613163363463616333396238
33623835313862373164353663663565393331363537343235643935333538396131666634376262
61626138326665636261333534353862336135323264636134386439616138643534313336353337
36646633643031633235623630663966323061373363633531356633633638353066646436623731
65363837653331373838323661343664303638653833383432326635326339373836373135613333
63326434333837663261376134313837636236633130306635366338343165353437613065343862
35363639343161396232336332373936346431643038613733316337343338386238356364666439
62613461613835633833323332613965613532316436333861393030653235353632363035336637
32396463363433346461333865393938356265666437326662363032613465383937643962396336
39383535653032373661383962666337663134336130333763396466366334316666386164303266
65306663346633376631316232363030396262386630623466323638346230373562656136386632
66663263366166666163376361313965663839386365353862393564383761303938373930386461
66646434366565616563653339623730303130666433363431396130336663386434656634643238
38643534643165653833653136316536343738353931386632313236613533643536663939653531
39386535313362623466326232623930373466613861393436363962363765663563353138636466
38613037663831653764663165303733666564666439373262363164366366343661336336393366
66623131333139373533343466353965323664626634306566646264656635663339353330396335
30653666653836303934643932633831373837353466343237643565343065333735613262313439
33363436303134663564636531353930363961663430366339303663303366306362663539653164
63353764386465313830663364653930303732653334613835643335396334346432656261343234
32636631386333346135643833316265333535323165633033333662303166376230316536366163
36633931616436376561633566386462383865386663656239656439323631643430633162636138
64303364636463393865366133346234613231323731386562343764643233656632333163656239
64633537343666366637393438306461336630303062343264616435333937356333393634653862
62343539396164306133326664663564363130653265313839373338336537376461306162326563
66646462656637323335656631656535666666346631626131646331393736343738633435333063
61643036646439366435383835653336643263393061636333386263653031303130306137623863
39646564343331303063313032623437376636363265396165386239323436363962306635616633
34383639396233346339373735366163356430376131663932383631666530336638383831653737
38323566313965343961623830346630646266303431313636336230373934396538663366653037
61343434373630326263633834616330303639636533333461396233383534343466336239303161
61656565663932386439366466386565643436313937623638376662363763663730393933343661
64366639366131396332366330393937333263313531336337303863303866336532366634613135
34373861356338313035336438356139633262373735363730663539393661366362356263396338
32383834313530346532653234363530373135613333633765376164396363636265613265306631
36313830383031616236383461303739653633623065363937313233666130313561333430393331
36353062346364313232383133373836643862363238626661633732343433336333643966383763
35326536613166363234653132626335343836373761383964306166356666313232376431336166
65383265376463383939346566373135643635343037343964373662373263343338666534383430
36656432346330623938326565616333616637636463633139343965666636383662383338633834
38336536326531366562643161356130643563643763616136626339613034653138353231393038
62333034663839663362623862396533313839643761613638376135353565393966343365343933
32343330396332633163666333613964663931323635373631326138316566383837303133353535
30306533663735393363623331356338303131366439313266383362626664393133306633313635
65373361333936323137353138303738653264396536313061326332623135633938333464626666
34626138623734363331363462346238653961333566336432303533636335383038313936616561
62336134646539373833656264313965656134653138383565333537316536653031373265626338
66656334633634303831653438643337323562663964376563636530643032303938393764643533
30663039393763333165633132326230336230313362623565633634313939653861333338383961
63306666313832656136396336366666623665323966333831313834356638393831396635383465
36613036616463373661376533333765313563663235383132366233623861626662653266353338
35653134303333623131613264353934333236373838323534343134623633643864353433303162
37626537326331363737356362343236306535383234376561333239633630366639386235613835
32363435623432333235363538333131663132613436316236393661323638663061363663616535
33373133373737316364643237336137316466353732656361333664613161613536396135333838
33363764356361313136343566633134373336646631663733656435613066613935663036326538
65623133663564663264303064303630653339386131663861656666313436313534376565376433
34373331326132343663396463346265366333623661373430396432336465326530616637306265
35353364313565326562303862646332303533333630616535633162333430613037383061393937
66623663393562353139353966373733393461306563623031363039316139633362323634613566
38333636663532386365663539613239616534383130393935393662643765383864663633396566
37366431646339313035326462353166656432356362373063303132353937353066393361316666
32373864393662626138326335613535383764653233363736613761616638616262393530633830
32653565656465386532373833386264363261343534333333386635393437626565313365376438
39643063316336616531386566346538323137306630613465633734353636626163316131633264
63323864353834643432326637363135653635663863386335373133316665336334306531616633
30333234356334326162353133666361366232386565313237326631386166386435336136643235
31616266623631353565326333346136366337353464383035373735666364323736633838303838
65663738323739376630323633656333333830646530376338376537643438656232343631303539
35306638643038326532353437313963656333303830366565613238376533316336353837623333
63303936333265656265326164663432343637326131336435363233323463343635393032356230
66333361616432333266326332393262633536653232633839666162323634353530313462396337
37633838626666636664313461383731613234636563353963306433656438366161316134396237
33613333613638656665653266383862393334333538636638653363623036373537643361346131
30323036336237643034653333386661316536366462396338663565363766393365346663363935
64333061353935616231303437353861346236616335646636313665383830306565393864373130
30613066623364653032336162656164386135376235363539363633643938346166383836633362
30333464643839663163666333323233646366653637316334373936326238396165373238653533
33343362333835663330623130306336313136613461653231393333373631636465373761343366
31613235356637616533323562643430306566323538353362613134343361616638633238616665
63333563613962393062376366393933626464313763363532386530303631613337353636366463
64346232316530386538336430646433343534396131626338633363363966363661616564363436
35316261323465303233346161383733663433303535636538646262326536363235653232666138
63366563386637313662653330623761346262386337653037333262316261626135333234643433
35613762633135643731643836303731613939323931383233393735666134653464613739623630
33363735353833383033383766316437643539333235333830346531326631323331626462363162
34656338376234346264393837343034366539343761343235363865343839636464376330306138
35643761303431653066316439306364643130363337333965393263656263373239636632613036
36343938646535633534313136346135396634393733656237623262363939633536326666643765
32383333306666333530643863613233623061373561646538616636376164346563316537333362
39623535323362653862636662326661393966366234666538663362646165386566316661383539
64666333323762313661383864386163333531303162376366316639373562333765336430373066
36336432323365353964613262373463666561613033316137343066373839363132376632313266
36383566303661396235643334343837643435616564363537363735636338373666646134353936
31356236336237666438393430356531393365323036626561333662333033613062323865626265
38303366353737343034353363663032663330616564353330333866366332386131336635383166
62336533306164643432623333656239303830313234643338336565326664353462643334373963
32643838396461303330363830656137666232383531313666303031613133333231656433646436
34366131353832613764383534353635653630363765383239306563383562616431306139613564
38313930303531653037626164336138363539333433323666353837653137643961653633343764
38653665616263353733363536613934383366346237383063393563303266663963363231363833
35653362373261316438643638616136623138666139323166613464616161343732366465333137
65313839633764326137393738323030666634383933346639646563376638383161633930626565
33656231306363343936313565303632653937313064336266636631313761343431643863363434
65666461646236653330353734313439653561383038626362343364336532336232653734323633
38386338363930396335393939306230633637663837663461386634393339656666376531346632
38393661643161613133343562303233366465383036303561333864653934616135336236306230
66613264373737346439353330353937386536323763393538353333663163646434376366373261
31613737393761356430633238323734303036333033313966333739653266626635313330626166
31613635653633306266303461393465363364316436336434616565363766383961656631363561
39366666353630323533333532386638633161343062343838646530303334653634653139346466
66643639313661663230653132366535306466613332663030633232366135303932613136646438
36313161353731623362663830306133343966373033373766393961313465333461386231373135
34333231383163346135666430396633346635363537333832363238313533303661646565326337
62363531626137666433616561383432663464616436356464373233393339663264633633393262
36356634653962636537363964373462356264643633326338343565616462646530643534626531
38656232626331616231663332646366383063346239653363303931313430323364316431353666
62666636313061613439306561663431633438306633633131373135656263326639363535363438
35613439316265653731663834646334316233386166393061373266373838376263383434326665
31393265326161363035393262303439303531326135353130636335343063613263636366363161
62353934633562636531643431636331336166313561316631666539333863363864333236376330
35303031663733656165386263613964646235633361343536613435386234393535653538616563
64306430663463366663323036323239613538353635376365336639326661333765303532616335
30396531653161306565306465386262373838646530313164623434623962356133326535376166
39333365356130313034363432363130343663323237396662333033383536393235336536613835
35616163346665626230656565353664363462396162386432623635323630333865396330363035
36373834373738333234333265666162616563386164306266303634663733313432343835303431
37653962616532376634656532663336323665623064363961343133663663646238346639373766
38343762633930616164323161646464316461326136396335393637623762343830633433616263
32643063326461303835336235383364366137623038346635646365356665343765303439303665
31663639303631653231343764343538323932353834616638343637656231333937663231666337
64306530343038616437666531396232653134306234346561363937653836393439356635353363
38313462653432346639613033623562653232376430646432386131633165353661646463376139
37663436313638306161396430663639656362656333623639313034313131303965356161303361
33333162333163646261646266373962333364373862373763663663343730306139656638663730
65663830376533346635383065303964396364666530366532366564323138396130646266363035
37633339386365393339383530393363316465653830373933613463376538383631393235346339
63353030306561643232643039346565653062343430346233633831663763353466613235363939
38353331653431353233663966323633626331646237326337393636613233366536633836306233
35343861383930363537363732653262643431373431353639313339316463346630323738623533
36393132303935643433656261353734646435343837616630636262663764373737336235396531
35643632346537343066393036626235613439393763356432353365316539623634393563623265
36633233656231333039383032343238663330623164643366356633383236346365336563643532
62616633636332656230313938643363613834303430363361646232313835336439386531396662
61323733616365643761353662303139303335643638333764613132303761313464343834366133
31373639383733333133643438323431373333333036656537353438663630303566613866633466
30373832343230626563616664353632633139613137336436663638356263393632643166393764
39613731313963646364383733303532653739653339316132623934343865373035623331313233
64666239303635616563366230616564626230373534313730396461333139653038303761353166
64373339626464323861626261613933393834343262633730313936653636386464316332386132
32363965613034643637363332363534363062313065303463356466386362323239643234623536
33313930653362626233663264323066663933613630643761343234373433623236313237363466
39343238623830313031313039353135313834393635643431653165353330326662353665346238
66323561326238393435613531303831656661653734396366386131303735373037623064326132
65393230663938336561313639366239393130363731333638303265393764616632356461653337
35626161386461663865383432343935396331343930323536663430393964636266343862353264
39383037333235663439383734306662636139643364643334323433383132613536303336373430
32323564623637396230363338653433386362613635346462366462366630373331386162613330
31313264323233616663393065336238313465313466393936623163393332393232373931373135
34653165336332393462633738633932623337636436663965386437353530303863343963623437
63333363326561316462376437623831396638366362643333353662666535376634323535633861
62383462323839353065306138393036356661306134656262626663623937356132656531636538
31366637646262323130613261303562383035336663343431373637336138666430386264393334
31363833613539316561393431366564366534356665363862306662633430653232376464383837
62626531373034323738336630313461373764353137346637386162323333623031383437316532
33633435613663613736326634356233356334646230653966383739313631636430663565643733
35616532616636316237396134346233353533623863396534666332363661623536633036636632
37373663373132623634616338383236396230306136353364376331356330656363643365386366
34393432363563323862633639383137333761326338386135626334313933616666613930393362
38626562636361346263353636643230363465376239653636616330356362633036663037313331
31383730623730386234643135363664313034386131393639313732623735653761363565366264
36336162623331313262306132303134633332623630613530626536636536383330663135313063
66303566656561653938623262343138306336653135393531646562633633373463376666336332
63623231373338346136383332336430383766356166393463636264363763633533663761366435
61373864626532333066663666656265653835613766623237633035376330393833643465396134
36326534323331323761303939336264633739306336633835333634353665333033623230393133
32663762616436616161646538306431343237356635373236646635646162333630323866626237
37393866303535626663396562303265643861373035306138326435663330366462323864336331
66383432663861653535393938313334336463636463646464333965346366616363333865626564
32393632656638313335643932303563336333373663353536626639633164643237343037633364
32366631653465613739643937393133336466336133306531643631333134636365303864656463
31373334303865343237643862616230373462303062323466623530373466386538643333313863
61353938343865333336366461386432666161623130643039313232333163396364306135316136
34373430396636353763636332616637336432386663393064316463326132323435613231346166
61643065333034346163303663613866636639653336613238666339353064363538373435373062
65393863643966656631333338313264393565373164373534633136633662363637613739653336
66346631373432373430313864656464363662393566393364353061376433353536316338336566
36396461343630643536373135373134663363363434666565626539366136666635636263356166
34326665343561316365623830326466663334613435636332396361323463613561323962633363
61313033636632346234633565343538306333666530633166366131386466663538396164313933
61336662633965613632623463373436376566653766633333666131643166363730306436643265
35306530336231346238383136626564363936616133303639343134653864653831663635623033
39323462653535613634353838653964613465663335333836636666316536656134373635663133
37306136663862373165353162383930626439636164323738643234383563343139303130353166
30353832613138353731663237363630336164326239393538636138663130376666306436663231
35346165343331313031343333393561633633303932663133653964646164316262633063616233
61306262373663633730386332313534333561613037333531383662613062376135613137303661
63663961656334633764386237323634666632653363343665376432333664383766353765373832
65323633303937336331303530313330313036353534343465313930316531643734333466306635
37643765616630363865316536376666323764383665613337363062356231303639373934393637
35643165366136333937656331343336306336343636343065613530306238346634383938303136
39316164353735616134383230373361336234363135306235323134313566313937336130363632
36333037356638626439616637363233336337313164383138323136633330393230636261636261
36656662623262393666646132366530303535383132616261666331386165353864376132353837
66346262366139383964616566353039386536383132303132363165636665343364316163343262
66653738636138313038646139623265396437303465313064323030333730333163373237373037
30643433633735353362613966306533666462353938666564643865663665306666626232376131
33366637373130346465376136616135333038653037626231636466346230343161636663303062
33633534326434626435366662666165396433313137643462383733643666306537363538613765
61653666343532626432656132313839366564306535343637383337396339613432303063303865
33636138396230343433393831646633393266353966333662613163346363323230613231623264
61613032326364333736306432363665343162376465633137666237346166643035646565363837
39636334366638343335616631376437666566393738653837336239643763306131383731393837
62653461316131633066366135386134666363373661313830663532346562646437666233663731
39636565636132633935313638323939396136333463353833323033353466303864653533643266
34303839346537633138356438383335363137323234303033303465386338393061356433623863
65653832636564643334383933373437383465613533656566643032653539316336316233393366
63386537633336626562613237613766363134386632636166373461313839323134353339636538
36613766623734336336316539363035393937616261646536303161343230343539643266383039
63616662623864626166643839303333333635643830653930653433326131653237363434396633
34303232343463376663653565616665613863353037623836343334616335646338363235303533
33373931663231333634633838323239313437363966363565316634353736643730663466356266
39393136373764346636653731343737303430663534623338393161336633323864636463393537
33636563386436613665306265643534373832636163613262373066313664363964393231633232
66363965346436306539616431653762613237656533623565313862653130386462383363616235
38383264646562343435626366383333336664366336653032336238333265623032653666356232
64316635336461316232303436616661373138376265656565636633666562376363643564306666
33623436626538396635323431366439303430386537653735346133636166373131376262616164
65643161363333643939373362666138343531613035613330356462323362376162386138333736
38633566396564633630343566376434396362386136373265616532353730653765326536313332
31343931653238643562646663383230656665373566313032353532303761343263386664656234
39333833333832333363343063323336376335333065633239326562396566363038616331653361
34643864306231613863396263333432346630343065313635656138353234626630383538376563
61333538373333346230393539363565303164393164393362643639366536613531316637356131
64356362373939646439306236643864373230356663616566656661383965303663316438323365
63316533633230663139356361316563616135313934636639396665363864636532646163343535
62383065323362373064356538623265666635303539656339626237653331373030353966313836
31653339613764666434373764303362366637383962366662653538373234326665396137636634
66303063313561343136373564343236643732646562303835623233623863643662313231336165
63643534633235323834376330353931646436666665653738356361346164396165393865636231
61353864383766613735666231613036313162356230373964326662353537363031386639646133
37366362373364393331643534393736333035643736623933646261383830663038656331306461
31646431663737303534376266656562623530386633393835656138613035653261363637646631
38623831323935663362313532643862343736623436636361353836353031663466313533333735
65393534303330613035613233393766633863346530376635383263643434386632393433386133
30636364396231323263336262313334313233323565333062303736303663393838316630356262
63623930633433333737316261656536646664383737346265666630353735626330353638393263
39613839303033316233393461373834363630656238663730663962383534383531633665613037
63666232663965636432383636353034393565383635636338386336303062633032633634616232
31316632363330323166343338613534333230343231373534646562626437366461613263643263
30343066386230393535333939653937663866343834303839333064333139303538333232303032
30656434373264376638313262353238326134333666353439303166326230643861393163303535
38346462353262356538663131663934346535613735316262653939316665316535643463616134
39643230396562313931346361333061346238633962316264356630323063343263306339643262
61623861333032636332653336323933666261643564313233353162356264613533346262396632
66303734383064396434626233353165393234616565336636643433643238393834353636333836
62363865383062613731323736653831643035396137353261643563613865636537313962323730
30366232366663346237313232633764313662636561613038643335333362353935376534356236
30393638636139306331636432376434653739363062386462363865666538643237633235616437
37616233306135333061303134623639316634313030376230303063336539383135393961306561
65343538366563363638613531636434333462613866643133333734376364366130353465613965
63343363376630336332353565663835613235323734663738383663336632643164616639623465
38346635376136356236663533316461393136316561343537386538653663353436373234393631
32613132663466376633643662636236313864336263363465393839663338373734656534333961
35376130326537356433343131303532386164303831653861643232666537633765613532393563
32343839326465623030633363333932373333623833613134613438303865633839666635376666
66313864653832643961643432616431643465636436323330663163383230366561616330366532
66356436646162383338346264373939363966633830623230663137663235393464346138643039
32636636363533363766626165353066633130316336333466616438313532363161333034623139
36636138353034333063303135313465376263383466643666616264633964613239613831333461
33643463373837373739363932356430633136666435333933373136323564323666383266373138
38386134356563343632633433303733376537396236346236363231623965323733353866656430
38643963636461383066326532663463386430616131633066326266383136373636303236383361
65323137336435636432653637333162373163656238346661393833346665333237313030366166
32663535346634386339643530623762653061316535653164383764313834323132346666386439
33663466656432643130306536393161326364643335346461326233383038656338663730613366
33623663643861383231343063386432363161306439373564306663616235383464613738396365
31613733613562643361333431613438613565386237383862343564323930656534363664646163
33623335333133653939373533646466343834353738666631396331623731306262333038333736
33663939363464323763303563363532613464396131376534356439333031346330396262306139
63363533613830303231326130616336376333306133316132346261393163323332636531643530
33623337346163303630656265396564636333313634613233343461393265313062323936353332
33303637363330383065393234643463376635303564646266383739666337376335643363366131
65383132653036386130623366336431373762383731303332303234663735343264623261393766
39303637313264323730313532663963653164663433636266643939386265393661393833613766
33303361663937383238323661633932313462343136353230346161313035336131323030656666
34373932656164366161663631636265323566623637306166326330333332363832366437666437
39343662393265306335343461323361326465316136323733653262626263326638316132626639
65343834366430666538643330626166316531633538376661303438653636363665323038323237
34303365303462333230616666636536653566386265363839323834623332333935396162663237
35383538363833663466626333313939393932326430313862623761633165376331303665613462
34323262626436613864626263313062316234353038356234316435623736336534373837643563
64343933363665626166646463356238376232373861343238623338326334633330386236616666
32363338303936636464343361613137623430656331623431353435646438323863653665316438
38616637383730383732363062383332643166326362383135653863313437656530613237666262
64366231656564633561353035346334653934333938373531373738373838396562636632386363
61313564303261623263363838663132323865656239643638373534373239663237303666623566
36313761356639383230326265623635343332636437623362376138646534646432666165336665
64366333656531313036383166333930353565613138663261323434616139316132383065386561
32303830353061616334613231373766313839323961613831613231393936353730363564343765
36336434363430383732643936366332373838616639663234653765316534613261386633323262
31663134666436663131333166366334373036643432653937313739656334393365616432663862
65623035386538666462316364666132373739383339333365323231626461633235346431616365
63386238396232363563643766646630336361366366646162376361383831386339363531316364
30393064316333323739343031373937663931393363336263646563323564666135613338343333
32613165623461636561373566373134656339323237303236386631636163303534633466326132
32343535306138346562323832366631356238303761383238383634653836623363326663363039
37643337653531303665313738663063656631333439633531353964633337643533373465343361
39363433633035613232366437653931303833646232353433626665383535633236366230316566
31613661393061313232666536323330623162363834393661663333313837393135353139366637
36316139633232343139303265366166666439643632383961663535623164386632663462386532
34653535626139333565
