$ANSIBLE_VAULT;1.1;AES256
31303135393862393031313033393737653464633735376232386137393562663437353133336331
3263363039363535393963356563393564373163373234660a303462646633373130616433616138
34303166353839353063323530363637373636373161666637636438313034306138323162646137
3335643837346165310a616235373062643932616134653334363037623564376330363130666264
37633831363333366364663632636135323336633233656531643637303061343365663363663762
30333631356162666264316533333438313731316231623831666661663232356565393733653766
65376462623732306337343462633263303066626132643533356635316232663962623466663334
31353232306264356236396234326532313866613131346530376563326635663530383736363861
30663038373332373361616131376335366364356130313831626564313630323361373535313635
36333065313438373831323838656631653134356634353266633863383261316236396438653039
38633139333431633761326538653436306564653436373439356136333665393561393737376635
62376230346439313562353562303563363536336566646265616132326433363437393637623938
39366534663264663031303539343663323637623939623730343135323332613265386137346266
66366639303738373930356666623264643535383438303134323463373937616666613333643834
61346561343037363334393763386435396639626237393433306464636139373238633061323766
34353836393939373164623062353565623066626166386632323834323136303962636261613962
31363466613836333530316238353930313631363434636238633633306634643936636261393436
61353936386134343138356431303038663835343762353934643431306539316633636163613663
62323532623238663131323830643839633662353331663238656530653463313066373439653130
34643331353737383636353061343832626438356337373036373565393938656630353531353664
64336336373330376132643465613739346235386533623964616665633036326234326132623864
37633362626661623133663166356136346632626165623030613834663066363735646235393734
37313865363562336132353661383063633537353033373965373362396335613535343432633139
66636139653065363334316238616636323533396336626331383339373639363532633161336434
35396264383038633537353334656631343263646463353338373965626662373739
