$ANSIBLE_VAULT;1.1;AES256
34653836316233303034343962663733326365353138633535363662633566653436386264646536
3163373165303730343665636637306231666161373138640a346662646537373662633365333065
32663563633432636634633038326662653731646363633338643561316339353130323930663538
3636663035666666660a383931373030623836326237666439383832656562646438353861303163
64363666353163666165383236393063353539613261346436343535343661626434633031646231
64623932303766366338383039356566653438633366343234366461623165643965613939613630
62333932643431626133646639313861303364646334346664636439656334396164383936363935
65303330393962613438336437376163633930633630336235333166623666633436306131316534
30316333306561326332643331633938353630323031393630393964303633636566303433643230
66383738346337653763303539326239396332666362303561373734363661613766626162643335
30643165633737666664356430333064623839623239383464343061663239653166636665316639
36393963306234653937666231363639326333616266383563613966393163393963366564636339
35383238663337633231656364356531653739653735323132323638333363656166363863636365
38643131333133326131336462633431366631346462393139316532656332356632383034616264
61306337663733613064316639343261626630383937326135326330626665373531333965623361
65613261653966383234616339633737646462663635303831613263306530346633396262316432
65633132306138303630663335396364393962653633393736313464376631386562636435356537
61633036333832333737643866656261303363383432653439633931363536306138613232626234
64363135663464646532343563613862383932626130623466633662343736366530373063323935
65313235633830626633316530343335616231323037613234363234633433666636313032353933
39343637396663303030303536376235373063626131383962383836343766353237386364356237
34333163626163313134306430323235663335306364363937356565346564363065363161393938
30353162643239633835363737396364373963393061643635666136303231313130373062653565
65646636646430363562343261303562623435653461663732333731343631666563386432316534
66343365623765326533623930663665373762643136633766326536366265623630326536616333
63373161303062353364623933356665303966626239393465376337383234623633653366626563
35323831316239653765373761373830303330376361353639363231326332646433636631333539
65366435326434663864653334613762396661313639333361623730336338626366343862303035
38333364386536636338326261383864323932613763396334393034623962613761353235353762
63643336373630323366316634306631373939613736396537306466646130336235663065306436
33353132383965623566346631326538653231313462366332363535633533653736623962326237
32383737303264613337663337396337666334626131653935393230383730393331363038336635
35646662363237333930666233623633633664346337653031323962393832613739313566306161
38623837373133613738643936316363343835633934626133366662346434656663623533383531
62386236303033643935636337613566383732323038323532623562353066366662343634363431
63316439663031623439336634623830613234336635303161336362333663346238663163333133
31663737356135356234653334636333383962643562346261623564396232376632613232386531
65623936353937646664353261303638363031353631396264323963366263393832646134353938
64386133346464616264646162343835356161363137643063656438303736633037613039343064
64383165323666366365663063316236316539383937623831326436613333373934363264386639
34383163363563363731383237333762353563663863383533366130333864363864353033303135
34343138626435366231613438653532323132396364363935353535653566373263346237363762
64613139666263366630366163646135626163313734656534643666613431376264303139356263
63353965623366323166613837383262643565663762353863353361626436353761383366343961
31366130356162636661333435353535353836636666623764356436383735363264376431346339
38376335323363383962646161303039323038396530383962353630323031343762393637666630
64396438373635666430646434653539636230386530326362386637303733666663396639643663
64656534393236653230333264333761366434633165333039633264626639316636613264376336
32363161343830356435336531633765353831626232326530323864303338336239353532306334
63346163333633656361663162613866643962316532633533613831663131366163323633643165
38616230666230616363623536313139393064366636633138343434613065386233396163303131
36613466383264663063353366303736363166663766323033383531316333656265616235373563
34373363316533363838626261353361383336326635363465643933363930396238376332646233
63383435643832386231303762313537376261663634306138393466663532353833383530666566
66326464396165623264646633393534653832653963666330623430633339303139376562616535
39666463643263373234363335613132313661313835303732363366386239393331353065306163
63376366633363303065353961653131303935666334353335386237363038386137613463623664
64316230333930656137633431646261353162363665363065613939373232343938326164643137
62326461303839643565646163633765663861663638313463396364633530616133613231316131
33333338363832313936353064306634336165396337316231643830383562666139353064333334
63396636633161303937313730313035666433326330396539663666336463343461383864633631
35623233346362666265323536316239623330323764316231333436643466346435326231353965
36643133633734313739383034383931613064653230633861333561383664633965663364343038
38316236633864373339336532313766383035316436313335313161393064313236636232356537
62333664356266313939353337303131353135336632663635623361303734323235303461376466
66656436303761356631643439623764376237373662653361633534333064636432333366373937
39656639626561663839326630343532383364616532386132643865656464326463653930653231
31653566373330646663626463363132333762656665626334363461323161383830613366663930
64646637303534616362313365393039373830306431336134393861393762373939633834613965
30636637323361613337316564376366613538613161313961396535643131613938336361663462
65396261646631323136313736346361396436623866643130383533643863623262393836613464
30356632353162366337393233373063653838623931613836353933336432396534326235373338
31383235313631363931386130366663366138636632396238656137636635323038363933663266
62613739386638363863386365353332386233633538383631353339313131313037303734613634
31303364383836376462316138343133326434343364333562623663643261623039353436636232
39643266313739616265386532356636386336313762316466373235323837323937393636316532
36666530326461633863343465363866376265343230643331623064393631653236636139306433
64663163376239646436326638353962313238353530323533336630363565613462356633356638
36363061386435386135316664306165383265663965656331383462383964633532303461666231
61666434623839343336353266623339336466303965353539373366313137386461336563333563
37633733626530313862363533626131363338376666383733663438303332303963353139623239
32313763656335316433643664346535666631343066393463333934643133663130623030383662
62613934393737366536316535643637376533313565316231313430373364626435613230393064
65646139363664653335366665343366353436653933613336396532363439356532303962656663
61336238373935653133343739353761383633653161393962653539336633663036373331653263
65613336316562383461303765613064363735323031323437306333386230646230613462396434
31383264316561363262303437643932323065313961626331663664383438326564353030303033
64313038643866663862316237336663633633386339323264663832396439306533303664373938
37653636303963663137633839316231333865393263663865616330653162393665326361663433
38323330343266623161643466353636623539393039343763383735643839333232623564346130
39306633623632633536323662333466616437383166316530343534393033306630326430376262
30613965653561316364323735363931336334656639343633373935623736636133326631616661
31613936323765346134633333396537353230663763323839666432333933336165376530623738
32316134663434666666333333326364303532626339653238643465383734303937303734653932
63343664643434656666616334383932303632323632303937306535316436393762626337623161
36323935663966646132363538326462383338306363393463346463633839303234643531343962
34353462653064666466646236646364613836343762633638643337623234663139633236316663
36626166313034613365363136316434643265336365376532653832653365393231356339356235
33393132633238613764333564336366323033636330393963303834616562356261346339643065
32643765396639316535623631326630393633353464306634323562623439626539653464613563
66616665333332376362313036343438373765383138643563356135323732373961373563313161
32363132353762333439353163303663656536633762633635323130663366613166656330643764
65646332633365396165313436373032363731396235363663623262656234646161353535616533
64356361303535643438643361353734356565373663373932643965653531623239386431636362
31343861663735343337626662303530653565616634356463633330313132336335313336663662
62656137366563333833353338303063373631303534613331626533666364656363646131633332
31373361663261633462663633633931353162333663343633343036366465653137613537343930
37643163636630616236396665313931313765356338323766643930386536346236643932363739
30363932646461663663313464613939383566646161613136343738373034393835646136396664
65333462636631643939393431626161366438623066363432326361376536336662653263656136
63303933623239393730633764386135666338623864366662613366326531313734303565316362
39316138663238333638643131663062626264373335623063653961383734383838623330333834
63313234326135306232333634366530666461633162646134356631613135653663326234613264
66306463353732643230646166353335653331656334643435373063303563366465343437633739
38333361393965323465303234643635663061623665323131323131363338376462376464663932
62393362616665323063366130653463666538333534383934646364303964323765653161633266
38666666613438373035323163643635353863373933323338663064373865333332643437316366
66373263396532653163653931316231376265316633396263313432663462333330653061653233
33656266333533396438373834303661636230313230313539303234386633313532663363353761
32356238353566646534336161316464346332373939336137313866346537303734663061366166
62326230366436303464323261313134666536396166623736666331396132333435643835666335
32346130386566303631363933356266353763633733376534653764323835363339373932313437
64383134393064663832663065643335366534316236373231383261653235373434613430613563
63396430353164333132363634626434373539656336666664396339656361666333303434626139
31613763376463623638653131613866383163303565656163333435383835663231376332393933
61363535343737363437376165623932363438353931303964346635363834623132346662633131
63663362313639633563626432323438633063306132623431323939633265373761636464653266
63643662663332376262376534666439613238353465633363303439613864393433323164616239
66353133336634623236363461363736333564613630326330303635653362383537383632363164
33376163303338616136613435633530643735373439303162393734373936323361653739623533
63616566656431323862613866326636633131343163623438383336636463643738373937383035
39643233313535393633396431653633346238653863333063323933396638363761616436393664
34346262373431366433316263653335663339396331653839663763626138323165366139663632
38636365323566633864313261646632393365623962616239666362616561653161386161663166
63323536653632353236646538663532396234626261323632643239343934366464623962383964
35633739323335373931306564366634343837323031333438376366336662373366353262663838
32353337333232636230366139323864343331383864653437656263663566363861316335343962
31396235626330353562326234326237633732663039643131656239316165313434356639633265
39323634356633396232333464646431613431356337353532366261396334353530343437333532
36373739643231656237363262666465613539333130396330303762633431356537626139636435
37356239353836343633313934613930333331663362373862613266396464326330386466656434
63613533613661363432343866623065363039306133623834356535303132363264313566636631
34666636303865333235376139373863356335346139373564343532616135613231386132656263
39616263313231363462353038623261313562333736353136656336336434386361323731306263
31636230386663623565393365623434636166356665643766386164386432326134356134653531
61323465663838386231326339326537646364316564363965623036646164353464616633373838
39616463643934343765303937656332336465616464393663656462366134646331376333633630
34636633643438666339366466393966333464633635333036626130313934313966623439303161
32656365646636663932656461333733326361313665363561346561643938646166373966346562
31656265613363373237303462363163363163366536383738356532336165646365346636613632
39373965326133613236646462626364376139396437303532653965303735656361386530363738
31346631656139663864343236623131343363373030656361313835336234323265666364643835
34393730303239323862393839313637633633386539323436383532633437656661633062643866
32363531656639363765326532663830343936663831313135633438376234633364646132313434
30386166653463376438666466303064643530626532396436313537393934316462666539303136
64366234396166656134303835313436653966643461376537343136383064386336663366386366
62663365663836636634353534326338346430306332643337323233323031363339396132336162
37613537626565663732363836373734366131666263326331313333313361366534323566366232
35373436313835353566653737373130666137396339333663326532646461303234373066663139
62653538316437346630353231396466376535373165383364633337336131303231663363313166
30613135393364363236633231643365623463666632653933383339613764396363366662313437
61363939363163663830646463646263343262363639333339643737353636313864353935316537
61343037306265336661646433663861383837653037303166306462663134393964353330313239
38316663653264316234363739366336303336656430383733633764373034636332623764633738
38333436303964363763343863313730633266333338613463386631363833303966316332643237
35313162623463393362373966303862653436343431343163363135383064376532626662316236
66666431363366616132396638396537633236666431356432383464623235363930353530393030
37316133616238306335646263343834323864623264316130306530313265363039666365613966
62623265386235343639396537383430396632636439666632346634613661356666313539313237
62373733333936626232373439646361373436383738303637393662383132376230613266333637
62633364643037383231323339623162356434343138656463626261373563353630613630623736
66316362613030306266663261363639653633323661653064376436393030306433373366366536
66616235363332303131366363333839643430646364323432353565633437653138623233353538
64643431333734613639343861303066323339626262336466303963656338393262323432393966
30393536313430616234356135366461636366646637353137366164303564313233373839393236
30316637343065316237383938336139613763316332663764373562333461383631623939303231
39326131353862303737373433646261366663383963626363383231663233633762353763356163
37623964646133356639363739633630326461353764363334353431306335323032326230313333
66373264633464616538393538636363643033343238346632363462303665633932336539356666
33326563643535386232306537626231636361313135313363306133613333386162383763643865
30353562316565323932353335663864383166366663633734313638613436333731303732343133
66353134653164393432623364626533303861383131656363376139313962646365343539663561
35316435653839636430636662646135623635623438303430623639313534343534303636376366
65353866633966386330393539663939383230313162353635303365363462656131343462663263
34343039633233646235353232323364383335653037623461633331363563626635336465356662
62363132646262386135373039396534613237346130653263666138343561396463376633656666
35613761393533656238323333336363663961623864623866343362653738366134636138616261
33326663343231313533656463643036613266363931363564653339333964373965346130313736
61303134636137633138383061653639643364343530376465326636656236653235386432333261
66613038633664663266616161623332326337623435613465396261306461363134376261353130
62633833373531316636386331333532336363356164613039313633333035643166623338646166
62353265643966303539643531383836373862613937333166323864393133633037303637363062
62666430663736353539636534396536623437366365306561636161336632346434396130333563
61306637343330383136643234643633303336306464333330353538666332383539653332393632
39366539313766656365613235643664656637646162633662386137383637613735316132303239
61333237633932353232303761323338343534333765613435336635316132316630313232633665
62626531616266386164323732313431656235383539396239626438363336616634353661313534
64306136626564653035373965653261376233623063613962666163376335313538313239643333
66383435383361633134303364663666633661626365343733396336323831316330366162323939
36346536343963663435343531623362356438393862386535623765363436613738616436326662
31626236663632616133653964636664646137623465373766306534376364376435623832626164
66363764653630363331366464653532323836626536623366633435346538633634343661373665
61353438346538346565616566326431663937363963353631383861616166303331646262636431
30333930666338323761626364393661643063303938303466376337313466393136663531323238
63306362616266366432343462663261616333373562386166623938393964346339653838663861
64653463333162306364323939363733323830333166653063366136643939653066373936383039
62373163363634646538636565393035353464376632306330303431653532363838323462343862
31353731333465363339653430656138326635343038303564346462363034613237353030353838
39656630376330396662626665646639306166626331316133616433633834613532376434343962
30353265626563616539636630343766626261626130373262393637316234326162393130653161
32653565333336396366636162653765366638636435303732326662643333633464333038633464
65363364313237313537386638303863373930663163343739313634383933393339643262633934
36666439386236356235633832373363656466323862346461366464376532613561653234613034
39383433663164623731366632376266303565636333666465626432363066663734373737363364
37333739366437353431376665656435346430386231666535613336656635303933616136633130
33663433326136373366396330363937316237636236646362343166303765393831356237626166
62636231386530643439306363653936346232336332366165313732326634306262336435653930
64353534663530623732626134333430666432363737326231376663383465343333366131386664
61633763626235383937643530356439616634653162363735333830646563306630616131633539
36663164353430303539366339326531343738393132303533646135373966333034666638623165
33373665623463386266376666353764626333316133663039353833363464663232363335636435
65303834646135313733333634363732613861383232646631643933663032383137613837626539
66346361336162383562323632663336373461663739316666643265333032366132303062393131
62386335633664383430653162326231383561356439663132336637303161373933373932353136
39653334363966383232383830663734396530376266343139633039653636333831643934316264
31323834366634643664353865653336346535643266393335333031316435383938323133633965
31323335616337663931346163323433616238313464613633306437316563643262623962633438
65643161326138323365616235626635653532323837626432643730316235393736316233626535
39333334363935666564373130666236393038613134373663663331666666383864313634386566
63363765616436613238393963313935663330373039633363343131643534633061323061363231
33396163303763643735373832326464363937393263636261633036303730653538386139336336
66663638383331393133396637636330306564303538373835653263666333663936643934306134
36353534386231336636333238373761346566353465353730303230353836613639376432333262
62663332363734613534666334343639306631303633323130306263653136623032643666326433
36643635306664396161383230633733393164373934336534393263323163333135313137373633
34306261343161313861386263396330663766376661323834653931653030613732613733366561
65343461323532356264373164383363303363656630363265386366643238323434393961333836
38316639303730303637343834383133623063393533376365663666356338323234373564616330
30656339636234343936353836306661346234653339666661646161393631333433343332616332
39356132616362653537656462396566366431353066386563623761646536373438323231613135
39633436633936316330643737626136656166643532366335643436343565393266643663396134
39623561313334383434396462643636333662633364383837313430613139313266323362316339
65383331356165333664356163366635373132303935613736383931343165663436303931346538
66653530393564353266306261383463373237306632373735373137326231653032616438653636
62626538306661353762616334623331356566323035623938333237306432316361613530313833
33613566623661663734616435316338343237346262626462373339336565356432663732353437
34383361623433363139313438333036633634656635646165343237373637363761303934306665
65346163386563313938646563326563373733313534346337343536323461626565383938303763
39653038363531306532666136393639653438343435373163353431656236353166336238653566
62343732373563663933303061303666353263363064663566623933316134323934653535653039
63396463383762373538623239333065623638633261663562656139616337363434373138326339
39353763326635656462386630396435363831656433306564306534626230343832633466386533
66336138306535333234333430623562623431303930303835396365636161376134633061343533
36636234366162393238356561343965383736343864643433396161663562656130313731306230
34373063663363363862333331386265356239383632363561353364643966393335626635633861
65313936333836313736656330306465396332613735353231316433363433313134313066343630
66363035393534653037376431616333623939323563636635383534393061326532623732323763
37623961373864353437386532353732383238343434666534323038663163363166363739343762
32333839373866366464313035383135306437393566376433313735623130303731363432333863
66663136343161313362326530353037336431643163323735333163333733336663396364353364
62333733643165633633326534653536306636626430653066656136373334626462663164653537
33306238336239393739353532323261646136366230333734663862666338363637663066626630
39336439316336306562353266353862376161623631626161646430363738313939656133386665
64323038643436346537643166396133623730636636366166663965643836633366643339666234
62323961373531663837663062343839363461323962663931313464363931646335373538653031
30386435363332663562643233313937313131626662306166323664363763336632343032663165
34623763323262646138386239363366353738643138346230636231663865306335653237303232
37666233303332363066363265383935313932653132663037346137303165336335623962393731
65623435346565663133353934653330366463323732336164613039303139373264363439336137
65396264383632366439613633363865383261343133306630393537633535306238346462316630
64623936326335303333653336346366636130376439353831353435343063373030373033346638
37323334383864376436386564646237353431376338376531333363643865376533633534613331
34346363373066343930633061343433643566366532333866656164623338396661393539336232
39653436323932323362383134303365666533336335396339353763643764356364346363643864
39633265616637636533616235383239386636303439353033643933306437653437373239393831
36656237613365646266306436613066306563346639346362643365323065303230343937633136
37326538323865396632333335343961363863306232613761326538303665303033623966633761
64656230666635393039363134653732393364396637333438386637643431643963383763353363
32623731313966373736396138646236343530356532366439626161326330626232383863636237
37636637623165313030356139633361313362333939386366303932353863336332323061653033
37353864383434383035636239386136353931326330363764303561383764313236356232323733
33643465323264353130393538623466623735306433626262333430326133303231306638383736
65636265666161626164613061613866656166336435316530626636306134643666633532306263
66323566383936316432313739396232636136633065613933353432313936383931663335383033
63633939666565323234633432316534666263393733656230643633386431636266326538353766
65383233353433386138323933643862333438393232616563376337313138343938633336363835
35366665613634393161313161353835613734316366373339353536653664633463386538333362
32313461653662366533623362626333306134663530653838353462323736626430343132323731
37306632323737343238643136343530313330353138386666633232396239646164343361653930
34653261653164653739643936633336626334393263666361626361313632383264303036306130
36313266356436396536613834376164306638373265323964306566333432393263613564373936
30313334396231616364393032633738663032636438346630636162393136636631353964646566
30373764343063326431373361373263383439613536376262383639323666363336396533636631
38366665663134663331363435643639386337393439393663656330323532633466383037626238
30373435633364363933633662643839313331633138326632326339356630356361373630323134
30326661353563373461356139336639613836333965343830663761333562666434383761316638
30643663356262373336323836306639366635383162343430343235623431333235386436393866
64326664366535646565393165373664306263336338376161366534623037393765396634373637
31343731336662343965383931356138626361313830363862373763316163633236616335393932
65353531616265646365393166396462383362373637396438383131356633303962646461366338
35663539623063646133326261306132643363356537376461386161393830363536383765323637
30366661326339306335376432346532636536303430323766306333653735323962646239393864
39393764653637636330303934366663366437373232343839336134303234616664333230343433
66363561313165613437373465356132316166396531633933306639363934613562373762383335
33623631643734366563663539663534643462363639303366653165363434613432336361373939
37393037323834336230623463326464323064633831303938393061653837306531636431313531
36393930336631386332393563383736636537303938336434393464333735616237626532303638
33333933303831653331646336336133333737616230303535363562373036656565643634613262
31313463303262633431633930663335333666616466346136646432383438633238646138656535
39326536373432663130363036623234373734333466396561623833343666323764356465636339
33343832653266353434623266373834326464396165663736356338303265666633393430633435
61306565633236393931343762326637386435666366383266613062303831616339353565633033
64636636316231306264626134663731366664396662336130333064663539353566656136623637
61336334643137303339383539323432336466306432666563653736666633396264336136326633
39306631316539653733383532363764376135336664316364363533613537666338633064656237
38393832636161323366326266313138353661656166623236383932313939353165646465656235
31363634613537393638363836316465663263623731383832363039666439373334316239373335
36663566316439653961323836366461323261393133363865376131653466356130353466653332
63353939623465643133306536613637386133653130643637393463653332653334343233346162
31363130633164633931343939346563626234663764643635643363666462353065303663363164
66326531653161396434393735346337636638373237333834373136633964376233353937336238
33346630363031626635333965363263316336623438633233353135633533363363393861643663
36613035666434396630383532643439616135386637346266613563363963623237333836656439
33343330333036343963336233366163306636303830666139633637653139613163393739363231
33363336343232376666396661363464333864336532656138363061613764383136653136303162
62363932653739383735653133653265376663623062656639396234326337626432643937383338
62376532393463366235363566323932366537393036366635633764313137633165303230396134
31396564336631376664306666396133346165326364663131616336653039386564653437396234
66333334626332626139326161343166666235616164353830663431646563396462613735393736
63313634303234613333636634666139333264396461643136393032323663633165366138666164
65396539383833333035366438363364623631306438646562343365383563316534363939346637
64386538356339663532633136323633323138633965303733396531626566386532303736326236
36356530356431376463356463626238386131313132383036323062613439313735366561396535
63366231306439623965656630663334343563656636333864373231383237663435633031653366
38623761306165643338616133386535396364366231386563356332646133623836376631626164
64373537323639663637306162616162353433396562363836623930623238613864343166373262
33393365656134663564616637393834373037636531613339623637316661623137653937386164
62356165643166646665396165393939316331363431356230383661323333363964343138383761
37363635623533396161313135613162383133366433643132393034333364316430366663643239
30323264316664646462326530633837323934346430396361633837626534383132333638306263
63633134366162636264376431373165383466353766356466383839663738663137306462326561
31643565633039336465336430623636646131663266316466306439333830306464386164376334
31323333343739666564653436643364633163373331653364306435363465393630303734656433
39633461376165666532393335633764376331663334616634366439366334323962613535613138
66343937613733633765333031656434376438633466643433663865393436326134643965313732
39636636613761636531326439356330383135396364646663653135306531363761653861323830
61623634636430393866303636336134303937616338653563336236653361643533643436313066
64626530633332326231663132613637616366646265653361643565366531633666646231306462
63366661323763376232346639393136613839633931316439343137623266383439336432613331
31323634636131313436616634353965633431623763643962663961316163316137386533653762
64373639366165626362393265626633633037366436326665626530636264333965323262656235
61373265363237303263666564396162356562666238393466366431663734303834306361336532
35386164636532303331356536323839336538636232396563613433363334646330636461336232
33656535383434633133653533323962666138623434373536373739343233626236326433643938
63663562636136623338623163303435383032333235386465663161383262346430383362663238
37323330306264383965353132306432326534613033363739353232623765346130373437326236
33643633363231323564653865333537653535303639313638333336313566393762396263663861
32333238323534623666663336623238643533356135663665373032663331316366633662663038
37396333656134333064383634373835323631356665356334663833656238643631323538643164
32356233336334376232663135386236643138356466356437633436333330626638326630376232
66353330313732623132333262626361366461643139643064316165353137303763393964333934
37356163343466643865386632646331313835363333343462663135633937623233626538326462
36316334666362666465336561333664363164363131336631633863346465306233346130393732
30366563356331663331623937613966636133343834316131303764643231653561373363646538
31636262363637653330613162316265626661663830663335626639376431376565653839623135
34633738643636363733333932356339353061393961626662656637386465643038386465653764
64346337313566653739623836366539666634653861343536393466353137656338656335663366
37663664616230616438643535386530616434383532653361393934303235613337333536366133
64303239663438396332323636386333656133386164346464323534356566636261323965373661
39646130303630333638643362353734653261343662373637666336303364383330346164613530
61643235643963303965386535343561646337333935333364656235363539326463396365383135
66636438363033326463343838313735353335323130666435373030636534373534666335636564
65363938376535643039633831373034613339313261353137666337363866376230623231663264
32363063633136653038326461306133633132383663306166373761356437303735376132396134
66343639636439333263396563326231663732616664316133346531313636623564636562396431
36633539323634636330633436613061633466363037316462313831376137323636343436326465
64376433383164356639346163343933396561626262363361356132623662666565396634616333
62626530376133643465306235376534633538383930326366353131383434353739653232373935
35316539633263613132336338396434663637643034356134623535303161383533303836663934
38333639303862343866666664653464316138303463313239373037343735646638356335333162
39623731366166323436613530653239663430623236396537656130306437373237663531613864
39343866613966333236353034393265333161623230333938306563633435326438616536393630
63633663653965636435653831343164616335363134613937656635343034616637326338396661
32636564653835336261653637353231616236633765666534353138663133633534666432353362
38396164613066663265613865623465643061633061373135663564376430353330383462303965
39613363663861373765383364623636663834353031666433346635313438393231346261366337
63626630666437653734623636326335313037323762343166386436353331336437346638393935
33316665383933353231343233323166656332663832633638363239646361623662633032663431
31353835626561633237323864306363333865356638383536376638643561653063323464346332
37636537393931346562633161613165643934643031333332623734666161616461656535643039
66643762356263326638613266313664643737663065656437383835626534623732323138663334
63646434323530383961346663396430353963663731376165333635643130316661616161653061
36353332316464363265663537613432633631386364303366616134363865346365643632333731
66626632373730343236326231393434323963623336643336653431613735653562613835393661
35313134376235316634623866366664666561656437303830373963356338656333303236346530
35613562323932356336333564653865333962643063306237376266313438313032316336633438
36313135616437313037613966623539373735613036623238646264343237323266393133383832
65396330656430303338656534333563373433623830646233343336653335643662396131666362
30386561666431343166346338316431636330346632316466663338373338373961376362343662
30626438346539363936633735366665653830366664393037623932386437636636383136636437
30326633653433613762353338366537663432656461326465656330386463376633316165633162
38313933313962346266623230356133306339323364623163323961643165393632336161353663
36393337323337333934643137663563326531363461306566383936303938326662343330646465
62366566623262343261636535613430343932646637333639613866366534636133363733646131
39653437316662663564323966336666616564363139646336343461666635313165366164666631
38386532333362386663656631616630313762333762653262663462346166376231623165376263
65653661636636653439343663306536306562623531663465383735633637616130643836613739
65646534343839376133316333346531643036656138383233656562386337336563336638363036
63353239303664353936663062623564303064376365366236323036653031363866326535613931
64316336613039653966316336346335363162326662363462373437356233353866626164376363
31353634613837303930306632343333383964666238663330303461636666366639346263643962
33656230386537613932653865356439366339323831623865646438303938303130316138343833
31356633303365653230653335653765376362363861336562393364646232346232633138306465
35326138316661356534313037346138656534383132306436346366393732353336643738346332
62616632653839393233626637383133386234303631323036623932353939653263666437653261
64633032326430373830643036643564356138333736323838336263663864613031386433613735
33666463636264303233386565346433366161386364393466336333356263346364336563356664
39613838306665646632356630653233623765633536656361343637303136356136643663373863
30633163666465663533303734313230396331613363626265396531313230656630333838346631
38383861313231373463333334396330363366396231316266366235393237363738326635653565
39613161636263326166326133383163613033613938373332343161373564353664393538366166
33356265323036323165373738343336323566353039333464356666666666366663386366353264
38383938323865363735316438396430323763343937366566393035633662653262646639373137
37393833313735353137333134393134623430303130623563363266643162346430343862646566
37626332633538376237616162636661306133323763313934336437663036626431613234616165
34343163353061383966663534643262376239653831316331626564313864393434333533333966
39643535303737623737636464393837376563623631663638646135616538393531623930323232
39313234353762366463323834333865643465346539393439653539376635626130373032316265
35383361366639336566333265366263366138313662643266366137623536663636313461616562
61363837343839346432373165343135303366306239633562613339356136616463376666316165
65663932386162626136376535333235313837303636663563616165653035343065343030306433
37653834383038663133663637393137303563323263633234346338633161363035383731313437
61663433396135363239613931376431636638666563336131323362363932303463363431333665
36303039623234333262663165646435396332393139323564663766356633346435623164303232
65306165393438383238373835666362343338356663373561326139613361643564373636653633
62396262636465343963313730346564666365643661323833633130616431623665643930316163
32303732623932663532313230653464336530326339343332656161636661303766376164343038
35386665393330333235353636363639643435633066393831323638643131313338363431376265
64313963343735646563653331613466623031363336653538626238393835616231653861386364
36376666633130303634303563306335326132623639353638666537316564386133306537613331
34353766643730353134303233663133373236373036363037313635613135313862343831643435
64303633663964376536616263393935323536346534306130623134396135633462653464346337
35643336383230643962393064343062656233626232316439623062383534633435316138323463
66336461316166663231383635656438386534336338636462373464643164346166313066623432
37333531643861633561373966373939303935386662643835646639663233323961636433643633
33643338333131323362353266616161633165653238373734313834636266303565316262303466
34303036633339353965633134613165313231633931346532383335623639356636613632393635
31323533376662303061336262386337313161646633636266346436356233363266353064653235
64376130633162346664386136626432366537303066623566303739346435316132623338653066
61643635646632376239393236356565383030353066376533653666633236633139653837353631
35626632306266313030356236653331373535353439346235313661333666323262373436386664
38323337306138323237343365666264633365336666666338376135353130373966626338383264
34646637343663613565393130643132633836643035353166393330306234393335633530373933
61343931646166393231323964353066643939616530396137323531333139333633656438306563
31626633663131313135623563303736666562643635633761396530336132643532383236636538
65363835643339616333373033616562333739326135393234663163333734616234626561323363
30333166393361326265363237393635363430653065636563666534363933656532663032383637
62363234326264393436306162313763323866376234663936303439393132383230336434623334
37636266353334646136376531643766333562356363363765383239633638373936633763636437
30323966353462626437313764373564336338373236613939653532653033386661656232666666
30373133313937363865623337646338663166333636393766393139613230366665323832393866
39633234663864313361636337376265323866303339653261346139393533653939646438313132
34393131623732363261616435353534623430386533303665653564636535643439386638333431
35303838306565393864623931393938313365633261393138346137653364353139666437653830
32393130613936646631363434323339373263393537323436303761393135323765363037643062
31356334326165323232666139623764326134326131653434653638343139646631653938306330
39366163313539313136316335353534313963303163386234313332373834356132643365636334
65356235653436663239363333393464656333393262376139396463313235396331623532316262
65663237636364356132386330336232353030663362323531396235653431386233653633616339
35626137333234393838303434633466623632616134636533333639636566303562316366326162
39396165343762363234613934323839316165326234353863306137353834616336643563333061
32323432366166666139656435636136383732623635663164363339666637626636633063343862
33653961663164626235376333343262613562393634636366386333306233353233393866313164
30323230363631363366613666303664653663393163613538623836343539616238626232653433
34646661636139633132653533616563363264656331383632356266646630333563653166323461
39396130613738373765373862666635363931656366303237363737383239373734643030386632
63303439363561336231363763383633363762356130663930383065306461396535396537313038
30316132363331306334373432636363623464653138383964636663353236323963363566613231
64346437613062376433393834353438303836623932633235666537313335396437396666363666
61326131396262373734656437643035343064663265636433623230373062333137303037316236
39353735623439363033366332396638326666303066643262306233393034663732333533663635
33306438366638613239663862623864363265613563653566643037343939336533666433636137
63346261313066306136313335323431373366643739376436393534623134636133616338346533
35393737616665356166376638343563646136313538363865356565613634616639353263373165
66396635306334663534663032663037373830393034626236663866386161613038383339323335
65616632643731336534366538306266376339356235383663346166643635623432346439363739
37353236653736386439623363336235353263343339646661336364366132383563643235316639
34656138393964383237393162616663643462663139376335653438653234356130633835396332
66636237373038633239313434646333343136613336326638653464623636326661386361396561
34343130376338363961366535313333303839333437316635366336356334646536363237653630
37366363646165663239313163353930633830636136643536663830363535613936613362376138
65303730316530663831343836313733353031396664626232303839363335656464386239653738
30663134376339373162323565626134623665363964386437646461646534626332636138623930
39353766353136383538643834653732396533323738633537666666653836633730373266636430
30373431643838333734316134316434636463303639393035643965323334623833333963633432
34636135353463393065303465356365646538356631616265316534376665623562653862396361
31666130363631326663306562653132346135353037333232353265633139613938313439643034
31386536626337373433373038323731626436336433663162633065633139336138396230666361
64303031373734353936616334663963373965316461633463623266646565653931646661313663
64333233396664376366363733643364373530353833356633376431373233323030353231303436
35623532643362333934626163353235633963396437663866336330306231353637623164626139
64383537666634626138623064653966393435356533366561643334646630643432303230653936
32313763386632643632643139636639613836653531323364343034653537346338373764653636
62363766303065663030623831623561613532316365626262313164353566623162393039386637
37353833356631396533383630613531336532393166666463303330333162363834336466323866
62336438623937356362313636336334653530663738663962656561663666336563376330323333
35306531343031363434323031303732396366396566386238383738363439386164653966663863
30353837373365616661366462343163393031626465613636306262333038663664383035353133
38383932363530303266366465653464393666353832316432313731393165613030366235356664
38633538633334653764346630626538333233316264666134383661613936306530323764303061
35336433326565663461663536303765656439333435653130396665373336366263323739643631
62323163616466353964316163643536646465386362353037303034363336333433636165643633
63373064663065643735616432313334313061623862653431363863353961646531316534363361
66663036313438643234656563346133353763653731633866616366623261336661303064333538
37346165636335366535346639616430343363326534633964346439386235313938326331613966
36373039353733623433623862653261393962316234323161396361383462323939376638623463
39346339386162333036316662646232363661303264303132616235666466633233663131363938
35616361373264616530383062303965373031666335396335386431623333393762393837316661
30373365396562353830356136343261303831326130393364656639616331366536376331656665
64663333646566633165313736616539646238626436656434613165346431363033343236333466
35316664356233623138643238313339356332383664633462303165353736373537613863323963
38376533643464633164616665663161323363633433633362353639353131363063646561333539
66316338326663386662333438313530353732366631613864313366393234306538396363393866
66626332663333326364633261643939643634313462383963373731323938393335303936623538
33663131653533633534363465313637613137333662663565383331313433653238313030633563
33333439643061643239383635356130353039653033396363373238346232386661356134396334
30346133393438643862653565653037386435343231366231393534363937323830303663383639
30353565373663373537326239306261393935336430366537383362393835336663313830346232
61613738386231373736373932393866376162373461356561653631306164396662323561396661
64613863376339313735616332666666653735323064653237373763623633396262366438626436
39323732346439333965633738303062623133353330316463666261346631303032613735646130
36623865333331613766373431303331663534313631626339303863303735626136363136626433
62376465663135656631643332333534383966636336333234336532316339353633366630363565
35623931313332393266323062363337366639623936363335373137353033343536396466356636
38356132646332386266653866393235663461636436366365653864636465393730396462663365
35383337353038646365656565363864613966613133656134636633393038623530643965326565
63323038633466353735316634393032353661313830366661323365646262613036306534393161
34303666636664346365336162633835613032336232306431316437306630336139376139336230
33336439353439613632376136623761663939363263663630616466616664663561613035303737
37623465663536383038633132323938343738376434346239373132373338393631363763373862
61393831666262336432646133626232373330363338323035666130333333393232336239323635
38303630313835666464656331336431636639386337633761653961376331373466393730646534
37666664613133333832633833313265323332653735636534623833643737383831393339343565
35616535326530373662326165656565396234643937333461346230643738323136666162663631
30636566313039303137303736663162346132623630653030336262623839353031393261353566
34656432383631643938653561333135313832393432646231633163353161383036643335346464
30303238653464613132383265353938303636656539363438313638353561346165623938393731
34366261303235326638303665393763346164633365613965623062306466666337333861636539
63323961383237396633323135626533313966353535336134646638653838323839303165636233
30386231653639363237613464626430393262616439653238663264383635303761333765653361
31366530646430326533613764393933666335316564383364306562346633623862323034393563
38393261656639333465386164623330313439363733306664363535326331663532623062643934
62313864386332383534373661303661363131656438326662333662383466373062316136366335
39366531636165326139663137613132303535653265356666306462343064666233343639633465
62396638303030613635373231663536393634356265656334663736383936626336316566616132
38623834383237316537313539383464373532343139383266343632383034333937373636353233
35336138666539343736353835626564316264653032306638633239353334666134373137303161
33646264316362613430613166653838356537366565323235343161636361356238633936366633
32643564346562393337366536353738376261343566646536343230373562303631313936376633
64376563393435383536343965323734376630396262623134633734333064393764633839353938
32653162343636333239343738613333363336386331393564633038393061353032613662336166
39613063393235656330663234386333643265633465353237376330613432306235326261386364
31393431333431376530326165336235663636383336613832373334366364373836363332393564
62666462383137326138383130636562643035666634346331646665363336623936633834343634
66326536366537653131356230316335613134373030346633613433343462393962316331323163
32343664326135663734343230393061633536386238356362633935356536636335393738643437
30373763383433373764353033623735623130323263613432616135303631303633316163613065
63643732313033313961396139633666363336613638646165666266663264323265303235303663
38656439626631666439376539383566383039626264613134393636323664653934636139393731
36336236623838373835306338366263323832396336633839316464366165326131643562396636
37356130613766323831616663383638373266306537666331363265343238383465316162363265
38613236613363336463303336633263343333386462643965353230353233323064646535343530
35316565383139616136353765336265643630623831633461396364383734643234663632646636
33343936613535616665343562303366356165646465333631373366373637363132623364636534
62613031366536383165316266326533326635333262343062623730303030363065326539326265
31343163653736636434326566336261643362646266656537343862643264383435616331303536
31663435383335393761353965353535336165376231313230303335356438623531616431306530
65393036613466333637313632343536623530356266356532353836383466393631633239653734
66363738656239626539316661373532663735653565333161363536653634353334383235373532
31363535623638313634663731626435303633666263316536633438363133343838666166636166
34623266623861333565376664333364376235663963343564393335313966383231636533353566
65346666656435636262333865616136326230663334313862363635633935363830366633343132
66376365353337633537373762396337396664633161643732393662306361356264626638623362
65393139666432643938373633366661356334643465373934393331626534663664613163363066
36316665623739623562313035383734333030623736363661303830633030393933356139356537
39313136313737616537656333393135363439363231646666623839326131626638626365336362
36623934333763373365623633313437653339666132643635306365376164663232346137313638
33366263323330366666353862363039633234313930313034626336326336656439636131336463
37373634326138393966396464356332643537363264393237303337636630653466633262343732
38386366373830643766623532643261626236383864396362653262363438356363336165386238
35306633393964376634336333353163323466623263316431366465626135633239313963623136
38623632396236303733626336663635373036336635613238323839303236386430363832393232
66393831343863633933623437333035626235386563323965343666623461356238643064313533
34623831323735336163306433366638363631313864633166323637396437393161333366636664
63316462663433653137313764353636333939613761613235386165346166663263383038353732
63343566336333303231383266393234303736636334633963306432313132386337363437393236
31343933346465303538343166373539366161376337393837363436646462343433316564623937
33313730653338666364323033336364616239636234313235623464366432343039376136383262
62326466386336343532363436346332623266343837383537633163366236303365616665653336
33633237646534643938313162633066386433366462353939653031313364393630663835633834
36643833393034636262343237313162323262613032643562616363613235393636623035346562
36376266333665626236616364353631303337303964316437303831333264343633306632633466
36633965353765383536383733616538396664646333366236326336306232303533663438326532
39623830316664323430323837643438336333313165353835633466376239303632383935666530
61303038373365303131663931323663316464373031306432363763303764326335356130653032
66663664346234663132653939646431326435343465666535313530613063363366353263336131
39626231663337396530623662363665396131653834333465346662313838363634343663636330
30663133663538646364623136393962636532326234336139613633386263326132656666666138
64396632353831616132336139633566326632323966626165343261366332306165623539363165
39346633396636653564356132643364356563653235336233636261326661336637386165663937
36376332306362346635306434623132636133623033336339333734666663376337343637363837
35373039326435333931313431306466613331633639636237373364306633376635303338326136
37663434326631303764343030656439303664393736626366623131336630313064616264353164
35303335343232636534646466613235386536663964623364653762613234616336363430373465
66393938613234343737613265316435316366643533306638633136383766626630656338663637
39636438656266393233383064363735326431633538626237656433393062373034663036393462
37373634326262653439616238643137383732303736376533353162366634333863346436393838
30646335383231663963383761303765623731653665306462363539306637343531383736353262
31373364373361333338616130626261313831366631646535316262323166356665363861303634
61643534373639303735323263653439326134333034623538626137366464616133653361353732
37646163323335353934383532663732363730616336333739343537396233363038656433663239
34613863653634313032393564366465613961366132623462306134363937623932663638343738
64663538353363393534653361633132623165306138633831633831326535373334626236623738
66626138333366363061356638323237626463393535356262373464626137653133336635396261
34633130636566343539666130643561316461656466333463646232336535663665346237316638
37333430323535386464316265393463613461666536626638363964326638383333393564613133
31366131383838376133623361326330376136323635303532323436373833303832373734373334
32343938393337333139303662353539643765336331653866643265666435646132656538343063
61333138323638373036623663663339343161643561623436613735663531666434656666663137
36356234646335366335653238336639373035616234653730666333383032623131633866353263
65333866343264613538653065306131656335383833343339393836303234323237316461333132
63383232353737646634306564653039373630326662346363346531313333396664333666333037
66353231633636376636393466633135356637353964343731333135633062623764316161316632
35316462336435336437626536656266356265363837336534653437363935363964393465633335
66366434666535383734313564373538613238316166353631333735646637303635346231653837
36623262353835383165363234636335646361383632326666303166333161396432386338336338
62663037653462653039623165613663373262633564373430663234333934346131383535656564
62353331393136633965316164393934633735613034616461616535623137383033643438636238
62656232306439303661333937356362663462343733303862633636613766313532396565666539
65393136306562653334653564303965363666316438636330343166643337626561353765383130
33396435653533333237346265303535633935306437306363643035626162346365373062663862
32383138336433356631646663633831623336306234393632353664613661396662356439613434
31633535333261333861616131333333313235623166633034323961323739333530326434623932
62666362323965343133666334653530373039343932336439363535303164376232613164306536
39616564363235353131376231383464646562643662666631616464383437326237323066366535
66333065333064313466383231363835383532643535313031363461663765393433343333653739
32363132396661336363636564383161646565386636373335653363623564326334323766616566
30653332336661386339643932666565396563656130393764343733346537373232626432616430
64376638383462633532306239363031383264656363313131353837653535333731633932636132
36663231643665363966316536373838646534333937646439633639643830383761643763336163
37393364636538306464306538323932363137643936323661653363303062663137386235376630
65346161373863316432393837333965346536333932396662376433613637613132336364383762
37343761386638663334396236383137383435313235376262373335363666663937643966306564
31386535333866333063393565396134363436663536653136623131333430663065376431303164
31376535373837643733343737323962613962313865663862623166646138366439316330653631
34363935626338643930623434336262343132373036373764663930313531376364333561636232
34396434653933366638313733313330653161356439393639323434356162663861663964343963
35326439646661373866343165363263613462336430303931313034303834336364333134393364
30613332373663303364663535613031663562623735376364363864643563333164363162623137
32373138636430393466613132633266396332333032313736303334313566393732666163303233
65373561383137363137656437343335643537393061313735383365303434376166663061376264
31353565343866393335643937653233346463646534353961326434383063393561653138373935
64353665613230623462393536326530386634643639623761323161326661623162343662663165
65333934316339343465386431353830386462343334373263613665633962623734653462663030
34333937363837356133326639366463666165356539616332373132653439343433336235626532
30333930633138333234653366366633643062313464353631316161666235306333303164626333
34366161363633303238653330336566393561363533656234326664383166636132666439303564
30363838336265646666323464373764663765636564373533373931663039633263356133306165
35333935333736633838326230616335643861326134633161323136613239396435333539383366
64326233313864623730653265343761653831623335323536393838626238313537396337373362
33616334373736333366656237343064376662316435633562333633623539396230303438636539
66356139323832323531383330663466666535633032356236323162393766313636653436323766
64653530663965636165316630616537623831306633353733613033363332343334333766636532
38623665633464373064373335343566356130663939313462333162303561393238353164626463
38666366353763316364383233633361666664626437393830343563643863396165386264306638
37316563386464333933383066343831343866353663313961383834323430303635643862653838
36306635623161346431343062623334326630313761346238633430313263356666646538306532
65653463663966623163313765366639386661643836666137653533313063303333303666613036
38633735303033666465663464363930666465376562366363333735636235336432353964643561
32373034313930393237363632356633363238643461383565386434343030643362396465623135
36613464363439613032383032353538633030653234653464323462666334373830613135383937
30666438366430653462616265346433643836616463613063356135393039386431303730656638
35663565353332613934323839343466396262313766653035623763643337343830326134363464
37613461373063366361353130303766373232316564343035616366356231303033386364656264
33386136623864346563633435336333356564636561323834323661653863653131386130306230
62623162643062613533646639653437373837633032366536333338663462633633323362663833
62306435636463326565303934346233623564613234616234333963613737386133346134623361
39386464633938373130313664336666313730323932613165613464383930346639643137326537
31326266396636356266323265333830363962373166353535393435633136633436383231353334
38303736626232326435336461656639663363336130613333613964663134636363643738346339
32623736323131663135666661623364623238663166383564633234366539653935346231336362
61333861393330626664623138613038346137303239366330363863306632323836613037383037
37666164666635633761633061373565666635373734346231653364333135396136353866363466
33336132346230306333626662383363343731313430633238356364633761313364633665383833
35613531663231356266356339613737613137396430363538633363626338663361376465316432
66353835613337663934313863643462346331303435333937363866633038613164386436353738
39663732373265626431656335323862306436323265396233323634366562613733346236346433
31663238303632623331636637393762646635316236353133646130393333393033346436663261
30663062353163386432373634363131376364303834633331363464383836613863313032383762
37616338323864633763626135653931376338353031613263626265663333623136623339663037
63376236383937633131373138356362363738306233316530313366363035613433376538613962
66376534373764306539643863373463353833363437636565616137353230346236303737343464
61313335663866653861386137366534653834343034636336366466633332393064313533343163
33396434373563303061656331356430363066623339613562346261376636363430653066613736
38313837666230346132626531636135356461353762343239626436646239643333353735336433
30363437663062616335313836343566633438626365353637633530356634326134643334363031
34663363666235613264663135653536393166306266346537306432363533323333316639613835
63396562616563366164616539316231313530653561373935613263373132363033396239653035
66636539336434386333623533373963666332356135323635343731326664353265663739633565
31373436393431633832383263393034643235323361613864613463633830376530363331316362
38666663623665633961613463366637313066346637313435306638346338333464346435386465
32653030623363386436366433363935636532373862376131383366383865323966336238363864
63366163363663326661626364393635303039393033326561646238363437653837393836313835
38633235303164366238396365326366326564336439383137313065366563383538363234363534
36616237386533343133663164313538373735653930323130613831306435313463343534356134
63633934623663346532383535323835613865306539643763613135346539396133333864366336
39653565333431343538623630333363663231616232303864636437376265373364636364613965
32633961343966653463616330343564393365313663636630323262663033323566656565306461
66343634306661363365393261363738353939393863613164643864373234393766663333396562
37356466316139333239656461383035306435363634613961623535323535376663646533326637
33356238633837613832663036623535343161626661353930663963323935333336613165353637
38316464626633643634383638346466343061636237643361373339616535326362343639366465
64323837636466323133373339306261653030383566346131653831313438363136613965393033
36653061616332616539646634373065636639383034356131393138626162383732356565306536
30626437386265396163623661666564353139323039393332396232663463363634313634363439
32383636396365303037636536653339646437636361373462623966643163333639653733316434
37366264393338333066386337623135303336376465346332373666613930323062393365393136
32633736336331366138343437653036373665613135636236303464393039386362373261353635
32343165663736366236663638636538616639626363343638373863313966306336626161643032
63363036623361303164633066653238643262346264633561356636343433303063656633613563
36663938313332326137666662356531636139383733373335323835643465613262343630666161
31363565353632376234333136336531306635343065396534323961663761323139326137333961
37653137653036653064663530663931366363386536313737613261633132663238653630363462
62336336646436353066323831353962343064336234643336336162373334636437643935383966
37343033383937366637383264333866303235393639613133333237316363343739326466393561
35633133313934323631663761633961313164353463323234363165613936653966666465626237
39636130626233623936663865666265646136373531373832343335633137663938663432653564
31613666373934343435376131363539323932396564383530616434613034333530616631393861
61666534396435373138356333653131333865373137303433636264643733343636353031363336
31643230313636623633353432356438363461646562366665373732333636396661613237336531
63663961313035336637323563303731643433333532623838363338383131346336356538396231
35636661636339653532366336313132366565353638633931626634336136376335366134333935
36373263323536393962626564366238646437396133666238393931346638323030343164303334
33363962383664633163383438636238636561313032643862656134383430653936666137623065
36313834373237306166316539646165366132613364306430363733663766656563613261393037
64386566323338623331353765383835613932333734623139396632636635633638343530303965
39633436396231353865373837326530353163656139653330396462393334396634343365653131
32376230326563306339383961623139353631626566373366326633636432643239373165323563
31396134333036313239323863383431613766623734346232336439333931323536373765383833
33303039323065653863633936386262613639386431643366343163633164303935643765356538
63366530316139636561323635316336343336663631636235333831376536313230316365336330
63373764666361373430396639343965633332376632626135643837653837336437663264316338
64303465363430663438646637383263336235663737663738633235383463636435346132333063
65643437623834663430323261343231656461356537366533323062633535356532613862346635
37393935336239336532653839393061383934636630353564346363323462613365303265666633
39346266653431383037366466366438393630396635326330303739376239376637376561333961
61313139303630346331626230353937313162316665656464646365616362376266326336336230
63356366626565303766373533333131376536323931363731663461353730356230356163666436
62323835336532356230346464336333616663626538356263376438333038376562636530373430
39373737643939613238643435356661316161363034383838623134623436303335323262616630
65613165663730366461636564366139623839646361303765623063386162366361643735633235
34373933356663356461623632663763636130343936343438306631643539383238363932303931
39303263613831386335396461336232313661623363616238646339383339643632366136326231
38663735633434376566346263643363653733363032326336383534336231386562663539326436
35653633633930663236623830373136663433646133613063666265626432356239313135333538
63326335356166336131343230343934303762643865643264616631363339343435363831363235
66373535383130663034356161626466306365343666303832323431323965373033346561663036
66343165636235373139636233316637333362373061663564626232306665373636306666383331
34613530373862623935316137663134313530373566326232326461323135663532303139316566
38663066346539366536613061663262363964356639356235656330663935623465373832643135
33376561376233623863376231356562353233393563663534363733383239663437616139393639
37333038333165653232393264623461346539356433633663356561653366316662333038333035
61376539393834333336623262643736633564643162653035616636633466633934383563383364
34393537663266303866633163386336366261653737646537306465353962393064356432653935
31623666393033363830323339663732383638663764376437656139643431613662396364356135
31663632393232663533663037343265386535303138633734643831356339643863353461363863
37643162643637356337626332353536356261333436613031343033663032323265633631316161
62613866313231613865616165626536643638646430386237316438343165653435666538623964
34316666383339616139303234386636393731316235373733373765656532643261646666633635
61313937303231343632376565396139353863643632326536666466613036646338336137346534
38303639383236356332616463366532303038353639313964643832376434653166306265646335
61633139343830623266356332666564653833313431383638393166356164343532363865343562
38316338353537633532626262663439636432663464626530363765366161313562336135646131
34343630623336373065343865666130636530626633363035373561663064326634636136653136
33316535393365643039333435346337386131373563343832653734623837316534303765363535
37323465343932376266623236366162316338383933636332363033653662303037653162623361
64646532623536393164623030323735343162653265653837343538646664653161303534653430
34393334386231353865383030636232663338353630393833666263656362653938386539313935
30383265373763376437633833363238363364653066623261393962366635363634343132663665
66376563366338363938633838383637626439346431306464363738613337633337616133336134
39313666663262666439353635643530633234396365616337393961653637393537613130333333
34363631613231306164346530373166386134303039616337303734353265303864623335333935
34613838343134613732343962366666666565333562303639366266633531343438383536653038
61323631386330353261653562393565336230333463303530326534383839376139663561626261
38393162386164376436663662303465363130396330646464383736353666316437386530326262
39623564653532646232366361306131653363343631313666326434666163316632376237633166
35623337656337303961356334636437393730363463383631306537376630653338373637396435
37646463356563393634663866616233396461306635633637616265613032623266353661646531
65313832643964616234393132666531343266366630313231363535626561306233633937633137
37636361383066663838633732633165346665363130623331653361373566326165653036643161
65336638366136396334626135616261336663366661393039666464626531343330333764383739
32663739363038383661396330613361626665333635306637613532393732333262363233626235
35366439646633386231623265376335363262663032366237386561663833313037303163366533
35643535333862373662623836656661353136396161383537393962623735636332656466376431
33356433653463373535653534646265383535636639343637666332623432383135626432363063
31336131666561306131373335313663326338393939633434366536666166313235353535666636
37316162373738633862333134643737616139653239383038653330303338343337303763373231
36633734356531396138653537633766666130336635316330613562313837376638303739373465
64393163623435623965633961363335303837393830646135383433613032376431646435353230
35363232396364306336313866626633383034313265336431643063323434633333636639616636
32353238343735616163323461323638336435653835643365393536346336393363643266356633
61366532303236343066353833313465653265353165346261613264303636623964333833393837
36656464343962353661303532326464356332643235333438356665613330653061396632643436
66313336396265663137363464346531373932643064383732663636646437633964616636316663
61303632376365623335633961336464656663613538363662613239396166653638313635336635
32396163626237346362623030643964356638386466333432653366613037643565306465633234
38666663373038346239656636653361396461333733333839666661623133646363666535373066
63343631636163383336313861663738396431363330393765623731313438343037373163366163
37616231306161373639336434376666326433373736666561356234656636643136626135396137
64343063373036653232373564386564633136386134376365326663343562383936306531373363
39643930333762336131303435336632616264366565373332333164353061663161663131663963
36323234326464343434376635326166353132613762643765633933623538313433663736663533
35613839306436636630373135316666393432636431373736646334646661303761373866343766
66666362323635663739333733373563356261323565653235316535656163656331393662353665
35303163313337326638623837613633613935376130333961376231393938653334633935613161
66316366333236333961393861336330626532613532373066643332653834353032383139613536
61616632656332366439356230303633373865356339623434343637666562326331666237386666
30326436316538616337356162616438393136646462303131323561326430333636393765383532
38326337383465653066613463356430653839633461663262643966333362623961386664646136
64373536313061386664363031313638373166616334306162363363616338653665323665643030
65626439666632333263373863333735306630623430666435383232303133656563386636666539
62306138326263363537376137356630306361626231323261666635303131326535633233363639
33333061646336633734643130656461393933346539666539303534396239613363383934616261
37323662333233316637396632336139643634626136643139393438346332653336333564303465
66393337626363326332663734363466366236646466363263323061386163336262373532343035
35353862316162346635303564336162383662626535373330386337366239653735383734333838
33653937396436333835646230353539343635303562666166343237303161643736333532383337
33613630373837376239663830363431386139323839656536623763306265623333656136393663
34323261643838383661643065656635353131646361373664343165303433336564646333383061
62643031333361396532656362326535323439636430313231613830653762313731633966313364
36373036666338373666316131643436646539383965383333623539666635353734333831333837
62663434613636336633373965623832613563386434333364653961616434646434663863613035
63386331366561323833326266303461306231343135623738353439383664623032336338623031
31633363393932366263366335663664633165653161373164633731353837303062363130373963
39313939636639313764313333303531373337336562646339313038356231633163373263313138
61363736333439656437313735616266633166386266373630626336363063326462333534633331
33666433356365333138653933653535393961633635313963653132646163386632316237303837
32383636373461653031386465326439366536613136623063636530323239613264666133316539
34346135336330373563653730303362656533613433646664366532306166633138653434626530
37326533626563336133326235323835323634333461663734346664626437656565303035336464
35643438646434306430323364346665613437303766316562326137333061623336653136366434
33666164333635663236306235363634626436326632346364386162656266383039633364636131
34353564376334663964336562396433663630303662623538623834383039653362653439333238
39616532656338383164376135303933373731643763326266373035343133656238326338613139
33643963366330623236306435323163653864326637306263356435643964333662383533633730
37633637663136386335343037653432313630326636653264323334616561303063306339333232
38333665383830373965323464313136616265663333643431636265313765613534666430663836
36636336313234313962343830613635316439616430313531646436343565393934323362303831
32626465663234316539633339653633636134356639616537333437303162346133623532393435
61373966303638353934336266306165643466316564656665666539623561626135393434626636
65663730636136373963646633653936383434643665383364643539373439623135643030383739
30366536383837366630646339666637383062386266613235333334643431343066616534666362
39616265316136633761626461656437393966353934643865346566353837323335653866336235
62663931633930393635646131653661663737306361376362303961303532373430366366376361
36386534633332646634303430353732313036383061313932656538376335653937383463363435
31656230386333343561623038663863336638363335376135326236363039663439666566376138
63383135333334616165363865336333346166636665343661396139393736383836326238653433
66393830653630343539386233656139313630303965306637343637663261653633623132613432
38626539663438353865643365356566663832616638376132363961323832663464366331326139
66636562396261306635356435313563393437656538313138366238373365396139353264636234
61373634656137613038363933356532333664333134363665333632666233313365343462323631
65636530366662333762303832313639383337333838636630343735646266666535333033386661
31333735363035643036396561353463353466646438383138346633336535353730656635323539
34656534323537666161663766356661373335643964356662343039633335646564666433323265
61373865333964653163643133323236623939316162656662333663383461333235656334323734
31336330383636386234386631316364363437343234373866326161326262383331616665663763
62613537346662633866313164363138383933306466313466326334656465643631333864633763
35393266666630326434383437333565636530336130336431643036623936626431636662386334
62386238343536613438663863363936363135383635333163616465323831323034323532343062
34343538643339306630666266386264323934376262366631643436613361656639663462346333
63323566383931376261373935326339633866633336643336653437616465396439393032333263
64336264656163643231393966366161626533353632333232646366646535643962313563653366
37313565663930353130643631616235306332613233643736373763653463363662343964633664
39333535353935653232396136383137363533666261656532636561396462643632636365306265
38383937366163656532633964633535393936623035653465613039316665303666333830346539
36333730666537303136376236616331343430393762623062656630373537626265373165376263
30303739376237633762353064383663663732613662663962373535343366353232663134333537
33336136623931316531383636313965643763633461613332333230316331616436636131303034
30333964383935653737616437633837653035636665323531633466653262336634383335353337
31623931623064613238373861356330656462653337303531656535393063343936326333663336
36306136396562303865343636343238306165643337623630613736373938646131653364363765
34633161346361343361623331613633636162323435666531656638373132373762613137383531
34376465363334363466373133663038373439343330383539383130643838366136383061653762
31653736653437306137333937613836353366356664363331646264616336623433373936646534
36326139326665643134326161656239616166656661656366653434616231376430643839386632
65316438623964643935636236666361623935383232313033326562373339663030666362666263
64393438363834396139363832396165306535643933383162616635666339393964643936393736
39393439393834626531336266353236663737656562333966663034343331353065373666386537
32303833353336316265383865303765623636623763343862396531366533613663653837386432
33613433653933333332353664336461633336643733386138326531656263656638366231653861
37626132346330316239663832646435616637333766316665396361643131636236313364343238
35656664383762343330313636343139613362323930373737623866393432376536313163363238
30646534343534623339333130613134666562656266373838646463646663636332363634343139
34613436376464613861653932366365326665666262363965353235666433396665343033343763
39366238623438343237393065663964663232626532323237613561663132663437636130646665
30323931393730643435623165653636633235636366346635636165306635633330383939333231
35336437633736366639643066313334343034376138323264663333616336323964323032383934
66363938373931393861333963313339363038316236613937323061366333353961333530326662
66633539663361613333646536396536356664663334353462363439613436396230646465373134
37343036636566653939623434383836656165643662383765333336396436363561623436303262
63333938356263646233303564326433653439376331386366353637343937373037616465363532
34633033616262623634363561316131656463366433653166653738613964613563336363306633
65613838393937386435353664366230396635633365623034333961383038646363323538393733
61623965653331643036313837663634306264633133626461633036623831393763316436633231
37353931623762393837303333633566613763633136363635316439316362643662363939346166
32643461323137346238653230613239376666323666663539373939336366366562643863306231
65383138326666346665326263653863393130643264613466383562653962393337373131633637
32373135383238363637396163333539313134346165376533343362623161346337383137396662
39613063613131336564313665616436383631306632363832656566373965633039616461333066
38653530303337653366663931393837346265663935373632303561383233313465653937663335
33363466653635353832326264646665303032363233666432386163663865393730373538313662
62366438333635656365323063343139376238613334373239323964393032356139626536623539
34656237353633663265343731626264613565653134376165376461333737366564633934386234
35643463663334653030356331363735623966393531313631633336333363383139303938383365
32613730333339343039363566343965666566306161306234373036613539303465626266393638
39663831396465356361363238383264666635383461333630636333636434333562353666393933
39353862306133326635306166346432653437306438353462363733633264333031353233333438
64633339616135356231373233626436616439643764333331383561386237613335636533376239
63616131386535373963323939353533393130633564613433643062353133626165386464306664
32663530313863376635623433396533616331623862303164626261383239326439343963316438
35636465396536326638303234616431326365643165333135633134653966323133663434343630
35343430393762343664363463393564643763303039646231346537616564323361383137393938
64363136616334653232396462396561643466353231313361303066643139313463356264633033
30393338333036646464653031626330343033396166366264663164353163363264643066363832
39373039336339393639653865353530343737343036646534393665316635323761363237306234
66343137613036653938666365613731333931396562366666306562656136636532366564386538
35306537643762323839346139653530346439626139323666343933643237643938306136323963
33313633636236663161623537333162353734663664363162613965383531373039383639623733
36626238666332336632656530343235666266303063363537366334663661316666386434313936
37646663656532363330636133626363613035363630643830336566303164333634613739626131
38633566346434326365316233376639303931653830386238363331616139303765303039316638
63323039343234393666613063313564393865353065343938646430363832353339373934663333
63623261306233643534366138333335313861323161353561396334646139306236663637633835
66363133633161313034386562643033633433363536373161633566343465656534663831613237
30613162333834386538656563353662633436363733363637353838613331336332333562343362
36366532356538633232613536636561663961616235653364663031653466353537626138333662
65393836393131633031623964366333393033656565343062373236623963393463373932663662
64633334643735643862663161353166316333306335643337616437303061366234653436303262
38333830633935363461363738336164393438356434376131396536363935363062303431333966
63363866373462666533306531333436323064366561663530313232623265656366666262313433
39353933313131326165313532313365353033663063656531323965323732313366373438376336
66653830386536343062323066316234323833313431616233316235646166326132353736653635
38316339316263366334616534346431653632623439393263616565346634643466313935643035
65363733343763666136646430663837323934646232396164343132653638396336653336386463
39333432326339323032343437666630663232343836376234306663653339623363356635333637
61366661303832343163663633363137316164333762643937336331646336353134353265656432
65373236336636663365316231313631626630363164366332386366623733616133643132303036
65316261343665343232393763663736626261666663643364323931353233343433346330326136
38333063316465633163646265343337363733313435653863616130643236323262396437396430
62643461373034633138333438303166333039386337343034303162633363343431646163613038
37636533613663643935303335363766333236353733346463346139343538653534363265326237
64666437383935663034376164663434373137373936326238383835653035613762346131373835
62616233303031643864623330303330353664613735646366396439363832386131623931623030
32323739643163346636656138656432373039663963313066303839646539313537303032336664
38303663326566663036666431653932613336383933313961653636383234396539343963383635
36306339663566616636363865396137616565333532623336646466663032383537366532303137
35326431346339363062333736393766306463613062343862396265323032626131353633636436
36336165393630613233343637363566656565356636306339353631626565366264373763393131
34323664343264623538323862643935363830356564363833323337323133663237376431363662
62646238393331643863636337636261613238366233383334383764663261316266393632656539
33303135666332636139323034323765343461616163326161343464353963636562643435303538
33343531376434353738346239373962373034643761336438333132363166376234656330313666
64323136616562666466636231643666626531356134613133336132303865656235666331383461
62386136633938396465333664303836353538616132633731353336613065363439643234363863
65366437616230363939653230663561303839326162656239383634393030346636643133356331
66623237333239643432656361306230363237316261333130613462346637653638383734393762
30306334636437326433626332386634343362313633306561356631316666623236356234626338
31653931396335323465373033313261303834313162363938356436343931643761396166653939
37323466363635633262363439653133346132346137303430396138316135356636643466616436
34393063363037663866326330663965336433316539323233333963353331313434343263346163
37393863623830356561333866336234373836623930663934306136633030633637393730353166
66656663393238616237393334326464653135363864316632663132353034353737653065343564
63646565646330613036386565303661383630393539343437643139396531376532653361646432
34353934626564323233326333343337303963373635613933613337336665623132353631633136
34316465386633346564323233396230653531363833356435626232646236383764623632343966
64323237663865333739313437393864356534353666306164373965376265656464306363663331
62303735343933323162333265666532646438636366313931386530633633333464633738363734
38333937303430643736353661313133616637383966393461346230616238653137396438666437
65616634363164363231663865336133393135326363303738653236343365633266613437666366
62383931646362623632303166386265323035636237333263333664316566376332656335383132
61376238383066343934353333643836393139316665643063363733373964313833623461353937
31303738343733326636626430666635316265343937363939376264663232316135613662306437
38303532386535323830366666396362313033396563373264333639396334343264326337356135
35323235313235643464646631353165386239666365373732386364366536623662393466353765
61313630303965376562376439356666656665363635353565313932396462366434363633663136
39313666653663663232363566376139653132343466353638653639353665323633316561646434
65393665336235343634666364326530363232646236626233363936326239386661323235376265
33336634376136623239346232343939323936313965313330663533653261623532666439636336
37316263303463313961663738663732363832393330343430623830366462663239633631616665
66326238663830303834643366306137333532373462666331386662333531663039333836636433
64373163636665613662393865313934373562303934303836356162313638626264613831353238
66333030313664306363623435323563323939643637363666383638663466646462383134633035
37393932656665376362353965333034343933393661393735333032323736386263306336363465
34663762636639313534336239303039323461343330343662326562643738663130613633653064
62396630386331613133653265623864333565626337383336623334663637613431636461336134
64366432313663613965643965386137623066623638643536623335313664306661363637316262
64636662643338383566343030353562373832323738643264666432336434636434656333363361
35613264623639313339363262303565383039633862303237383738653435323762303735626130
61323862383339663938393632613738346430643430616261643661663664336162386661643437
33393331366335393131373938323339633438636437653439383135653836626236313361373263
31646365616136363563396262313636633233303731393739316432626332613038396130373731
64356661323862663765636434613438333134343435343336653635616161623665316538633135
31383862666633623931346463336231616633383233646666383366373335363661323564323437
35313665353534656635663439393037636236326432613430363631303937333739663337346264
64393162623735333130306237373161353862333231623836343161326336336262313531636638
36343033353131316137356665653365623438623138326137326361653064346631633931663136
61653037383263643530373639313735323564663835333365633462336239383439393262396565
64643966353066313435646436373839663736666666363232653465633231393038313761333535
66363034666232303065353864666261663036373131353537643633373534313035363636396632
31343562333531363533656163613666303764343332396565636532333030666164636539633434
62323465633966383662323334333933633837613131353830313362313465393766326133383235
36356233613230633133383930613633313339353035646163646365333836336364646664353231
66663337663332636332343535373530373335373465613461623037306533313063363734396138
65326438343861383038636463666230396565386139386635613132366432346232653133666562
65326561333135383130643164653034313664653935623238613933616663646331343030396163
64326339303632333366306162303632646538373735343437386537383564313937663962636433
35393165633434643665363666383537323833303839633264623664653166633064373934373731
66326563336263356432663462646633643137383061336637316239613662633461313664623430
63366638356161363236376464623831663361313464383037316336393431613531333237323062
62643230346162623966653131326265636239326236373536343830613132333562636139623430
36663431353766306130316561346338313535356361316438366334373135656531386364666139
65326631366465316563313161616431323435646363393637336131353130383364353061313863
65643263626136653761633231643335393335343866653534383965323432313765336138333165
61633131363036633165373232633332613234363863336336316335313835353934383166346533
64323363386534333639386336346430333766306638663939336336623031366133313962623632
34643761396535653830333336303263313031323564316231373730386636363932623734333636
37323461343961346264396564303937316631666432623232323734623763363563323430363332
66663064363838663039326339626135336661643137373330353733366135633662656438343461
37313265323765616666323265626666653363383131343062636134373036323337343663343163
33653364663834353139653536336638356362306437373962616139306263383636386634393032
33633861643036656531666533626661356637373337653630643230393035383862303335333935
39306264376562636532363934643034366330353639306331666235383538353261346463663838
66366537393239303837613030306136316261633830353364333864363266626461616630343737
62306237623935386438313432376430643166336235623030366239306664393963633935303262
61643335376430396361646566623237633665326431633435383832323837383939313337386337
64383966636535323532393563333864636665356534303062646366356663323237636362623531
63383761313935376639356636356561616233386433643335326133666139353138346238333762
38363830366634366630343332336364626138333531333938623065343464663831383339633833
39616264343165613938623263316632663434613134626266623464303938666238646332363132
63613736363332316434306462343136343638656665326634373131333635633261323337633830
62623565323030386166653838373433333930623435366265613166353039303133363432393232
61313937396430383261313831393564616439666566646638646530333064666231313831653366
38383261306630316266643134363364616361663031666561386230363265343766323831333834
31663466646466366665663330373061396238633363646462346262346536333561663662626265
36653966343833636636303837313962323861656161636664643939386139656332353438616661
38636633376266323663326339303765306434303730303336653534306333653866336263346264
38633663646436656262373934366564653630346537323334306162633338343334323435356364
38646136353265613237646165303533643735396534643466643833613634346566623030623039
31346434316130656530363338613764656637613465343933636531353530323231353363623361
64646234316263336266396266366633313434643634623031393330383465353534366437376232
36646665383435663832343964636639653564653030636536353566633166626532343834346134
32333939353766303765323834663830633937643631616363613939326234663061366262653764
36346566336261303261303132363939306331393564316134613637336330386564376637313563
36313538666238656561623665383666636566326338303261326363336139613662626162323835
36343336363739666163613336663262353433396239336431353335333937653039
