$ANSIBLE_VAULT;1.1;AES256
32363436376466366235386566323437303763366430636632313565396437386561396332616635
3835623966393233313861346461663139613430356635390a353939633931333436396339353039
31323632656438386638663761393931646234666564663534656462633664313031623636623163
3965643962393262380a316335396436373662343632643538636563656662306336303833366163
61376239623737363231633737316435353563646331326134336264333539656239386566363531
31656233656465633832306234656137386164633035643163323937303631643934633037653865
36333962623163343933663330393462613638666237306632313337663537623365646638636332
38373039373332373466353765316135333235306136333261333031376236306435306464313762
37353130383634386330656137666139633730363661663439313239356563336462363835383566
66626662646433353737623231393831363832323033613738623664346666383632656336653062
36303536363639373961373165353564363964653431656561323237303834306538383264373163
37333135386466316332383036656338363436366163353236633430306666303136393164376334
63353762353862393064663931333139303539393563666463353062633638613962663434613431
38333436386462333366656236343566626335323738383963363262636231316531323263663163
31336136366537663563373363333562313630626531656237646538613162616464653433663166
30363937393035383736303336316264393964373630393766363137356430656132393730313632
66353361303664306465346462613732396464396139636565393630623239393433313739303533
6536623664353666656531383534643864326330663532323566
